Freq.	V(out)
1.00000000000000e+01	6.57321049032060e-03,-7.25733880934788e-05
1.00695555005672e+01	6.57319736441841e-03,-7.23412927536523e-05
1.01395947979003e+01	6.57318439696528e-03,-7.21126676568021e-05
1.02101212570719e+01	6.57317158547251e-03,-7.18875019274581e-05
1.02811382665607e+01	6.57315892748167e-03,-7.16657848540627e-05
1.03526492384138e+01	6.57314642056292e-03,-7.14475058884907e-05
1.04246576084112e+01	6.57313406231628e-03,-7.12326546456048e-05
1.04971668362307e+01	6.57312185036952e-03,-7.10212209027837e-05
1.05701804056138e+01	6.57310978237863e-03,-7.08131945994838e-05
1.06437018245336e+01	6.57309785602753e-03,-7.06085658368002e-05
1.07177346253629e+01	6.57308606902705e-03,-7.04073248770254e-05
1.07922823650443e+01	6.57307441911449e-03,-7.02094621432224e-05
1.08673486252606e+01	6.57306290405382e-03,-7.00149682188114e-05
1.09429370126074e+01	6.57305152163450e-03,-6.98238338471471e-05
1.10190511587661e+01	6.57304026967174e-03,-6.96360499311204e-05
1.10956947206785e+01	6.57302914600545e-03,-6.94516075327504e-05
1.11728713807222e+01	6.57301814850041e-03,-6.92704978727984e-05
1.12505848468881e+01	6.57300727504549e-03,-6.90927123303779e-05
1.13288388529580e+01	6.57299652355303e-03,-6.89182424425718e-05
1.14076371586842e+01	6.57298589195912e-03,-6.87470799040680e-05
1.14869835499704e+01	6.57297537822300e-03,-6.85792165667916e-05
1.15668818390529e+01	6.57296498032566e-03,-6.84146444395343e-05
1.16473358646846e+01	6.57295469627142e-03,-6.82533556876243e-05
1.17283494923188e+01	6.57294452408549e-03,-6.80953426325589e-05
1.18099266142953e+01	6.57293446181491e-03,-6.79405977516797e-05
1.18920711500272e+01	6.57292450752800e-03,-6.77891136778393e-05
1.19747870461893e+01	6.57291465931340e-03,-6.76408831990710e-05
1.20580782769076e+01	6.57290491528024e-03,-6.74958992582754e-05
1.21419488439505e+01	6.57289527355760e-03,-6.73541549529084e-05
1.22264027769207e+01	6.57288573229433e-03,-6.72156435346777e-05
1.23114441334492e+01	6.57287628965831e-03,-6.70803584092426e-05
1.23970769993899e+01	6.57286694383632e-03,-6.69482931359245e-05
1.24833054890161e+01	6.57285769303408e-03,-6.68194414274273e-05
1.25701337452183e+01	6.57284853547499e-03,-6.66937971495512e-05
1.26575659397028e+01	6.57283946940088e-03,-6.65713543209329e-05
1.27456062731927e+01	6.57283049307047e-03,-6.64521071127708e-05
1.28342589756291e+01	6.57282160476042e-03,-6.63360498485810e-05
1.29235283063750e+01	6.57281280276369e-03,-6.62231770039354e-05
1.30134185544194e+01	6.57280408539021e-03,-6.61134832062281e-05
1.31039340385837e+01	6.57279545096586e-03,-6.60069632344320e-05
1.31950791077290e+01	6.57278689783243e-03,-6.59036120188715e-05
1.32868581409652e+01	6.57277842434737e-03,-6.58034246410017e-05
1.33792755478612e+01	6.57277002888353e-03,-6.57063963331919e-05
1.34723357686569e+01	6.57276170982848e-03,-6.56125224785126e-05
1.35660432744768e+01	6.57275346558483e-03,-6.55217986105406e-05
1.36604025675440e+01	6.57274529456879e-03,-6.54342204131500e-05
1.37554181813975e+01	6.57273719521158e-03,-6.53497837203426e-05
1.38510946811093e+01	6.57272916595735e-03,-6.52684845160461e-05
1.39474366635041e+01	6.57272120526440e-03,-6.51903189339547e-05
1.40444487573800e+01	6.57271331160331e-03,-6.51152832573453e-05
1.41421356237310e+01	6.57270548345862e-03,-6.50433739189344e-05
1.42405019559708e+01	6.57269771932620e-03,-6.49745875007007e-05
1.43395524801583e+01	6.57269001771544e-03,-6.49089207337603e-05
1.44392919552250e+01	6.57268237714657e-03,-6.48463704982026e-05
1.45397251732032e+01	6.57267479615240e-03,-6.47869338229747e-05
1.46408569594563e+01	6.57266727327683e-03,-6.47306078857423e-05
1.47426921729111e+01	6.57265980707481e-03,-6.46773900127698e-05
1.48452357062905e+01	6.57265239611212e-03,-6.46272776788078e-05
1.49484924863494e+01	6.57264503896551e-03,-6.45802685069879e-05
1.50524674741107e+01	6.57263773422197e-03,-6.45363602687193e-05
1.51571656651040e+01	6.57263048047806e-03,-6.44955508835883e-05
1.52625920896057e+01	6.57262327634063e-03,-6.44578384192830e-05
1.53687518128802e+01	6.57261612042584e-03,-6.44232210915043e-05
1.54756499354240e+01	6.57260901135919e-03,-6.43916972638955e-05
1.55832915932101e+01	6.57260194777510e-03,-6.43632654479735e-05
1.56916819579351e+01	6.57259492831671e-03,-6.43379243030697e-05
1.58008262372676e+01	6.57258795163567e-03,-6.43156726362764e-05
1.59107296750984e+01	6.57258101639182e-03,-6.42965094024001e-05
1.60213975517925e+01	6.57257412125274e-03,-6.42804337039187e-05
1.61328351844426e+01	6.57256726489411e-03,-6.42674447909555e-05
1.62450479271248e+01	6.57256044599894e-03,-6.42575420612481e-05
1.63580411711557e+01	6.57255366325707e-03,-6.42507250601244e-05
1.64718203453515e+01	6.57254691536572e-03,-6.42469934805008e-05
1.65863909162889e+01	6.57254020102844e-03,-6.42463471628653e-05
1.67017583885675e+01	6.57253351895555e-03,-6.42487860952873e-05
1.68179283050744e+01	6.57252686786315e-03,-6.42543104134172e-05
1.69349062472506e+01	6.57252024647396e-03,-6.42629204005120e-05
1.70526978353592e+01	6.57251365351555e-03,-6.42746164874407e-05
1.71713087287552e+01	6.57250708772156e-03,-6.42893992527277e-05
1.72907446261574e+01	6.57250054783063e-03,-6.43072694225794e-05
1.74110112659226e+01	6.57249403258628e-03,-6.43282278709271e-05
1.75321144263208e+01	6.57248754073684e-03,-6.43522756194773e-05
1.76540599258132e+01	6.57248107103551e-03,-6.43794138377700e-05
1.77768536233315e+01	6.57247462223877e-03,-6.44096438432282e-05
1.79005014185596e+01	6.57246819310816e-03,-6.44429671012462e-05
1.80250092522167e+01	6.57246178240848e-03,-6.44793852252512e-05
1.81503831063433e+01	6.57245538890775e-03,-6.45188999767866e-05
1.82766290045881e+01	6.57244901137821e-03,-6.45615132656158e-05
1.84037530124976e+01	6.57244264859420e-03,-6.46072271497986e-05
1.85317612378075e+01	6.57243629933367e-03,-6.46560438358131e-05
1.86606598307363e+01	6.57242996237643e-03,-6.47079656786504e-05
1.87904549842804e+01	6.57242363650520e-03,-6.47629951819444e-05
1.89211529345120e+01	6.57241732050458e-03,-6.48211349980895e-05
1.90527599608789e+01	6.57241101316121e-03,-6.48823879283733e-05
1.91852823865054e+01	6.57240471326321e-03,-6.49467569231141e-05
1.93187265784970e+01	6.57239841960041e-03,-6.50142450818079e-05
1.94530989482458e+01	6.57239213096331e-03,-6.50848556532738e-05
1.95884059517387e+01	6.57238584614407e-03,-6.51585920358243e-05
1.97246540898673e+01	6.57237956393477e-03,-6.52354577774166e-05
1.98618499087409e+01	6.57237328312878e-03,-6.53154565758409e-05
2.00000000000001e+01	6.57236700251920e-03,-6.53985922788867e-05
2.01391110011345e+01	6.57236072089968e-03,-6.54848688845405e-05
2.02791895958007e+01	6.57235443706289e-03,-6.55742905411666e-05
2.04202425141440e+01	6.57234814980182e-03,-6.56668615477215e-05
2.05622765331215e+01	6.57234185790840e-03,-6.57625863539530e-05
2.07052984768277e+01	6.57233556017375e-03,-6.58614695606163e-05
2.08493152168226e+01	6.57232925538797e-03,-6.59635159196993e-05
2.09943336724615e+01	6.57232294233981e-03,-6.60687303346480e-05
2.11403608112278e+01	6.57231661981595e-03,-6.61771178605983e-05
2.12874036490674e+01	6.57231028660223e-03,-6.62886837046336e-05
2.14354692507260e+01	6.57230394148127e-03,-6.64034332260136e-05
2.15845647300887e+01	6.57229758323424e-03,-6.65213719364506e-05
2.17346972505213e+01	6.57229121063961e-03,-6.66425055003637e-05
2.18858740252150e+01	6.57228482247292e-03,-6.67668397351515e-05
2.20381023175324e+01	6.57227841750679e-03,-6.68943806114705e-05
2.21913894413571e+01	6.57227199451067e-03,-6.70251342535226e-05
2.23457427614446e+01	6.57226555225047e-03,-6.71591069393458e-05
2.25011696937764e+01	6.57225908948837e-03,-6.72963051011138e-05
2.26576777059162e+01	6.57225260498284e-03,-6.74367353254467e-05
2.28152743173687e+01	6.57224609748791e-03,-6.75804043537199e-05
2.29739670999409e+01	6.57223956575313e-03,-6.77273190823873e-05
2.31337636781060e+01	6.57223300852396e-03,-6.78774865633168e-05
2.32946717293693e+01	6.57222642454003e-03,-6.80309140041103e-05
2.34566989846378e+01	6.57221981253686e-03,-6.81876087684679e-05
2.36198532285908e+01	6.57221317124380e-03,-6.83475783765187e-05
2.37841423000546e+01	6.57220649938496e-03,-6.85108305051906e-05
2.39495740923788e+01	6.57219979567846e-03,-6.86773729885715e-05
2.41161565538154e+01	6.57219305883620e-03,-6.88472138182797e-05
2.42838976879012e+01	6.57218628756406e-03,-6.90203611438499e-05
2.44528055538416e+01	6.57217948056079e-03,-6.91968232731101e-05
2.46228882668986e+01	6.57217263651891e-03,-6.93766086725888e-05
2.47941539987800e+01	6.57216575412333e-03,-6.95597259679041e-05
2.49666109780325e+01	6.57215883205170e-03,-6.97461839441798e-05
2.51402674904368e+01	6.57215186897423e-03,-6.99359915464622e-05
2.53151318794059e+01	6.57214486355311e-03,-7.01291578801411e-05
2.54912125463855e+01	6.57213781444232e-03,-7.03256922113818e-05
2.56685179512583e+01	6.57213072028779e-03,-7.05256039675683e-05
2.58470566127501e+01	6.57212357972630e-03,-7.07289027377408e-05
2.60268371088389e+01	6.57211639138606e-03,-7.09355982730582e-05
2.62078680771675e+01	6.57210915388610e-03,-7.11457004872566e-05
2.63901582154582e+01	6.57210186583586e-03,-7.13592194571161e-05
2.65737162819305e+01	6.57209452583513e-03,-7.15761654229393e-05
2.67585510957225e+01	6.57208713247379e-03,-7.17965487890364e-05
2.69446715373141e+01	6.57207968433126e-03,-7.20203801242127e-05
2.71320865489537e+01	6.57207217997691e-03,-7.22476701622761e-05
2.73208051350882e+01	6.57206461796884e-03,-7.24784298025340e-05
2.75108363627952e+01	6.57205699685441e-03,-7.27126701103152e-05
2.77021893622188e+01	6.57204931516911e-03,-7.29504023174853e-05
2.78948733270084e+01	6.57204157143754e-03,-7.31916378229877e-05
2.80888975147603e+01	6.57203376417200e-03,-7.34363881933720e-05
2.82842712474622e+01	6.57202589187229e-03,-7.36846651633369e-05
2.84810039119418e+01	6.57201795302646e-03,-7.39364806362990e-05
2.86791049603169e+01	6.57200994610881e-03,-7.41918466849305e-05
2.88785839104503e+01	6.57200186958175e-03,-7.44507755517562e-05
2.90794503464066e+01	6.57199372189328e-03,-7.47132796497014e-05
2.92817139189129e+01	6.57198550147825e-03,-7.49793715626970e-05
2.94853843458224e+01	6.57197720675752e-03,-7.52490640462641e-05
2.96904714125813e+01	6.57196883613750e-03,-7.55223700281136e-05
2.98969849726991e+01	6.57196038801034e-03,-7.57993026087590e-05
3.01049349482217e+01	6.57195186075290e-03,-7.60798750621249e-05
3.03143313302083e+01	6.57194325272735e-03,-7.63641008361819e-05
3.05251841792116e+01	6.57193456227981e-03,-7.66519935535662e-05
3.07375036257606e+01	6.57192578774081e-03,-7.69435670122297e-05
3.09512998708482e+01	6.57191692742495e-03,-7.72388351860859e-05
3.11665831864204e+01	6.57190797963020e-03,-7.75378122256648e-05
3.13833639158704e+01	6.57189894263746e-03,-7.78405124587734e-05
3.16016524745355e+01	6.57188981471106e-03,-7.81469503911797e-05
3.18214593501972e+01	6.57188059409737e-03,-7.84571407072796e-05
3.20427951035853e+01	6.57187127902526e-03,-7.87710982707962e-05
3.22656703688855e+01	6.57186186770544e-03,-7.90888381254726e-05
3.24900958542498e+01	6.57185235832994e-03,-7.94103754957753e-05
3.27160823423117e+01	6.57184274907211e-03,-7.97357257876113e-05
3.29436406907034e+01	6.57183303808648e-03,-8.00649045890538e-05
3.31727818325781e+01	6.57182322350723e-03,-8.03979276710557e-05
3.34035167771352e+01	6.57181330344956e-03,-8.07348109882117e-05
3.36358566101490e+01	6.57180327600773e-03,-8.10755706794846e-05
3.38698124945015e+01	6.57179313925562e-03,-8.14202230689711e-05
3.41053956707187e+01	6.57178289124642e-03,-8.17687846666664e-05
3.43426174575106e+01	6.57177253001136e-03,-8.21212721692262e-05
3.45814892523151e+01	6.57176205356075e-03,-8.24777024607643e-05
3.48220225318454e+01	6.57175145988198e-03,-8.28380926136202e-05
3.50642288526419e+01	6.57174074694044e-03,-8.32024598891752e-05
3.53081198516267e+01	6.57172991267825e-03,-8.35708217386461e-05
3.55537072466633e+01	6.57171895501502e-03,-8.39431958039141e-05
3.58010028371194e+01	6.57170787184566e-03,-8.43195999183274e-05
3.60500185044337e+01	6.57169666104162e-03,-8.47000521075509e-05
3.63007662126869e+01	6.57168532044975e-03,-8.50845705904010e-05
3.65532580091765e+01	6.57167384789180e-03,-8.54731737796912e-05
3.68075060249955e+01	6.57166224116452e-03,-8.58658802830970e-05
3.70635224756154e+01	6.57165049803887e-03,-8.62627089040208e-05
3.73213196614728e+01	6.57163861625903e-03,-8.66636786424558e-05
3.75809099685610e+01	6.57162659354343e-03,-8.70688086958934e-05
3.78423058690244e+01	6.57161442758313e-03,-8.74781184601980e-05
3.81055199217581e+01	6.57160211604152e-03,-8.78916275305143e-05
3.83705647730111e+01	6.57158965655406e-03,-8.83093557021769e-05
3.86374531569944e+01	6.57157704672819e-03,-8.87313229716383e-05
3.89061978964920e+01	6.57156428414220e-03,-8.91575495373882e-05
3.91768119034777e+01	6.57155136634507e-03,-8.95880558008941e-05
3.94493081797350e+01	6.57153829085622e-03,-9.00228623675535e-05
3.97236998174820e+01	6.57152505516438e-03,-9.04619900476393e-05
4.00000000000006e+01	6.57151165672809e-03,-9.09054598572797e-05
4.02782220022694e+01	6.57149809297443e-03,-9.13532930194193e-05
4.05583791916018e+01	6.57148436129856e-03,-9.18055109648081e-05
4.08404850282884e+01	6.57147045906374e-03,-9.22621353329961e-05
4.11245530662433e+01	6.57145638360058e-03,-9.27231879733339e-05
4.14105969536557e+01	6.57144213220565e-03,-9.31886909459721e-05
4.16986304336455e+01	6.57142770214286e-03,-9.36586665229074e-05
4.19886673449233e+01	6.57141309064133e-03,-9.41331371889907e-05
4.22807216224559e+01	6.57139829489546e-03,-9.46121256429737e-05
4.25748072981351e+01	6.57138331206409e-03,-9.50956547985540e-05
4.28709385014524e+01	6.57136813927042e-03,-9.55837477854387e-05
4.31691294601778e+01	6.57135277360105e-03,-9.60764279504072e-05
4.34693945010430e+01	6.57133721210585e-03,-9.65737188583920e-05
4.37717480504303e+01	6.57132145179696e-03,-9.70756442935621e-05
4.40762046350651e+01	6.57130548964836e-03,-9.75822282604177e-05
4.43827788827145e+01	6.57128932259529e-03,-9.80934949848976e-05
4.46914855228895e+01	6.57127294753369e-03,-9.86094689154937e-05
4.50023393875531e+01	6.57125636131997e-03,-9.91301747243818e-05
4.53153554118327e+01	6.57123956076969e-03,-9.96556373085459e-05
4.56305486347377e+01	6.57122254265709e-03,-1.00185881790922e-04
4.59479341998822e+01	6.57120530371510e-03,-1.00720933521564e-04
4.62675273562123e+01	6.57118784063426e-03,-1.01260818078801e-04
4.65893434587390e+01	6.57117015006205e-03,-1.01805561270405e-04
4.69133979692759e+01	6.57115222860231e-03,-1.02355189134782e-04
4.72397064571820e+01	6.57113407281462e-03,-1.02909727942160e-04
4.75682846001096e+01	6.57111567921378e-03,-1.03469204195800e-04
4.78991481847580e+01	6.57109704426862e-03,-1.04033644633194e-04
4.82323131076312e+01	6.57107816440223e-03,-1.04603076227307e-04
4.85677953758027e+01	6.57105903599019e-03,-1.05177526187793e-04
4.89056111076836e+01	6.57103965536077e-03,-1.05757021962246e-04
4.92457765337975e+01	6.57102001879406e-03,-1.06341591237462e-04
4.95883079975603e+01	6.57100012252048e-03,-1.06931261940677e-04
4.99332219560653e+01	6.57097996272136e-03,-1.07526062240868e-04
5.02805349808740e+01	6.57095953552694e-03,-1.08126020550019e-04
5.06302637588121e+01	6.57093883701679e-03,-1.08731165524422e-04
5.09824250927714e+01	6.57091786321781e-03,-1.09341526065975e-04
5.13370359025171e+01	6.57089661010469e-03,-1.09957131323505e-04
5.16941132255006e+01	6.57087507359838e-03,-1.10578010694085e-04
5.20536742176783e+01	6.57085324956548e-03,-1.11204193824370e-04
5.24157361543355e+01	6.57083113381756e-03,-1.11835710611945e-04
5.27803164309167e+01	6.57080872211028e-03,-1.12472591206677e-04
5.31474325638614e+01	6.57078601014244e-03,-1.13114866012081e-04
5.35171021914455e+01	6.57076299355559e-03,-1.13762565686702e-04
5.38893430746286e+01	6.57073966793262e-03,-1.14415721145494e-04
5.42641730979079e+01	6.57071602879745e-03,-1.15074363561222e-04
5.46416102701768e+01	6.57069207161398e-03,-1.15738524365872e-04
5.50216727255908e+01	6.57066779178481e-03,-1.16408235252058e-04
5.54043787244380e+01	6.57064318465088e-03,-1.17083528174462e-04
5.57897466540173e+01	6.57061824549087e-03,-1.17764435351279e-04
5.61777950295209e+01	6.57059296951913e-03,-1.18450989265642e-04
5.65685424949249e+01	6.57056735188605e-03,-1.19143222667115e-04
5.69620078238839e+01	6.57054138767618e-03,-1.19841168573136e-04
5.73582099206342e+01	6.57051507190816e-03,-1.20544860270525e-04
5.77571678209009e+01	6.57048839953279e-03,-1.21254331316953e-04
5.81589006928135e+01	6.57046136543283e-03,-1.21969615542461e-04
5.85634278378261e+01	6.57043396442201e-03,-1.22690747050978e-04
5.89707686916452e+01	6.57040619124346e-03,-1.23417760221831e-04
5.93809428251631e+01	6.57037804056881e-03,-1.24150689711284e-04
5.97939699453987e+01	6.57034950699816e-03,-1.24889570454106e-04
6.02098698964438e+01	6.57032058505753e-03,-1.25634437665098e-04
6.06286626604171e+01	6.57029126919905e-03,-1.26385326840688e-04
6.10503683584235e+01	6.57026155379928e-03,-1.27142273760496e-04
6.14750072515217e+01	6.57023143315835e-03,-1.27905314488932e-04
6.19025997416968e+01	6.57020090149883e-03,-1.28674485376792e-04
6.23331663728412e+01	6.57016995296440e-03,-1.29449823062875e-04
6.27667278317413e+01	6.57013858161928e-03,-1.30231364475609e-04
6.32033049490714e+01	6.57010678144659e-03,-1.31019146834680e-04
6.36429187003948e+01	6.57007454634712e-03,-1.31813207652677e-04
6.40855902071710e+01	6.57004187013909e-03,-1.32613584736765e-04
6.45313407377714e+01	6.57000874655567e-03,-1.33420316190329e-04
6.49801917085001e+01	6.56997516924454e-03,-1.34233440414670e-04
6.54321646846238e+01	6.56994113176703e-03,-1.35052996110697e-04
6.58872813814072e+01	6.56990662759597e-03,-1.35879022280617e-04
6.63455636651567e+01	6.56987165011488e-03,-1.36711558229652e-04
6.68070335542709e+01	6.56983619261685e-03,-1.37550643567764e-04
6.72717132202985e+01	6.56980024830350e-03,-1.38396318211403e-04
6.77396249890036e+01	6.56976381028278e-03,-1.39248622385227e-04
6.82107913414379e+01	6.56972687156818e-03,-1.40107596623871e-04
6.86852349150217e+01	6.56968942507807e-03,-1.40973281773738e-04
6.91629785046307e+01	6.56965146363326e-03,-1.41845718994744e-04
6.96440450636914e+01	6.56961297995604e-03,-1.42724949762127e-04
7.01284577052843e+01	6.56957396666894e-03,-1.43611015868248e-04
7.06162397032539e+01	6.56953441629342e-03,-1.44503959424408e-04
7.11074144933271e+01	6.56949432124779e-03,-1.45403822862662e-04
7.16020056742393e+01	6.56945367384666e-03,-1.46310648937668e-04
7.21000370088680e+01	6.56941246629900e-03,-1.47224480728529e-04
7.26015324253744e+01	6.56937069070633e-03,-1.48145361640645e-04
7.31065160183536e+01	6.56932833906210e-03,-1.49073335407599e-04
7.36150120499916e+01	6.56928540324954e-03,-1.50008446093025e-04
7.41270449512313e+01	6.56924187503984e-03,-1.50950738092500e-04
7.46426393229462e+01	6.56919774609140e-03,-1.51900256135457e-04
7.51618199371226e+01	6.56915300794794e-03,-1.52857045287101e-04
7.56846117380493e+01	6.56910765203628e-03,-1.53821150950316e-04
7.62110398435167e+01	6.56906166966569e-03,-1.54792618867628e-04
7.67411295460228e+01	6.56901505202551e-03,-1.55771495123134e-04
7.72749063139893e+01	6.56896779018382e-03,-1.56757826144477e-04
7.78123957929846e+01	6.56891987508581e-03,-1.57751658704808e-04
7.83536238069559e+01	6.56887129755154e-03,-1.58753039924763e-04
7.88986163594705e+01	6.56882204827500e-03,-1.59762017274475e-04
7.94473996349646e+01	6.56877211782150e-03,-1.60778638575556e-04
8.00000000000018e+01	6.56872149662671e-03,-1.61802952003134e-04
8.05564440045393e+01	6.56867017499398e-03,-1.62835006087857e-04
8.11167583832042e+01	6.56861814309341e-03,-1.63874849717958e-04
8.16809700565773e+01	6.56856539095907e-03,-1.64922532141276e-04
8.22491061324872e+01	6.56851190848803e-03,-1.65978102967339e-04
8.28211939073121e+01	6.56845768543752e-03,-1.67041612169416e-04
8.33972608672916e+01	6.56840271142404e-03,-1.68113110086619e-04
8.39773346898473e+01	6.56834697591984e-03,-1.69192647425964e-04
8.45614432449124e+01	6.56829046825318e-03,-1.70280275264521e-04
8.51496145962708e+01	6.56823317760402e-03,-1.71376045051482e-04
8.57418770029054e+01	6.56817509300328e-03,-1.72480008610313e-04
8.63382589203562e+01	6.56811620333053e-03,-1.73592218140883e-04
8.69387890020867e+01	6.56805649731172e-03,-1.74712726221608e-04
8.75434961008612e+01	6.56799596351708e-03,-1.75841585811612e-04
8.81524092701309e+01	6.56793459035930e-03,-1.76978850252898e-04
8.87655577654297e+01	6.56787236609062e-03,-1.78124573272511e-04
8.93829710457797e+01	6.56780927880124e-03,-1.79278808984741e-04
9.00046787751069e+01	6.56774531641734e-03,-1.80441611893334e-04
9.06307108236660e+01	6.56768046669733e-03,-1.81613036893658e-04
9.12610972694761e+01	6.56761471723146e-03,-1.82793139274975e-04
9.18958683997650e+01	6.56754805543785e-03,-1.83981974722628e-04
9.25350547124252e+01	6.56748046856151e-03,-1.85179599320317e-04
9.31786869174787e+01	6.56741194367077e-03,-1.86386069552324e-04
9.38267959385526e+01	6.56734246765522e-03,-1.87601442305772e-04
9.44794129143647e+01	6.56727202722366e-03,-1.88825774872918e-04
9.51365692002200e+01	6.56720060890120e-03,-1.90059124953416e-04
9.57982963695166e+01	6.56712819902643e-03,-1.91301550656600e-04
9.64646262152632e+01	6.56705478374933e-03,-1.92553110503794e-04
9.71355907516061e+01	6.56698034902915e-03,-1.93813863430642e-04
9.78112222153679e+01	6.56690488062998e-03,-1.95083868789365e-04
9.84915530675957e+01	6.56682836412024e-03,-1.96363186351159e-04
9.91766159951214e+01	6.56675078486832e-03,-1.97651876308479e-04
9.98664439121314e+01	6.56667212804053e-03,-1.98949999277410e-04
1.00561069961749e+02	6.56659237859846e-03,-2.00257616300019e-04
1.01260527517625e+02	6.56651152129579e-03,-2.01574788846715e-04
1.01964850185543e+02	6.56642954067543e-03,-2.02901578818619e-04
1.02674071805035e+02	6.56634642106698e-03,-2.04238048549951e-04
1.03388226451002e+02	6.56626214658319e-03,-2.05584260810410e-04
1.04107348435357e+02	6.56617670111742e-03,-2.06940278807577e-04
1.04831472308672e+02	6.56609006834068e-03,-2.08306166189328e-04
1.05560632861834e+02	6.56600223169829e-03,-2.09681987046236e-04
1.06294865127724e+02	6.56591317440657e-03,-2.11067805913986e-04
1.07034204382892e+02	6.56582287945057e-03,-2.12463687775837e-04
1.07778686149258e+02	6.56573132957980e-03,-2.13869698065018e-04
1.08528346195816e+02	6.56563850730552e-03,-2.15285902667192e-04
1.09283220540354e+02	6.56554439489789e-03,-2.16712367922919e-04
1.10043345451182e+02	6.56544897438156e-03,-2.18149160630086e-04
1.10808757448877e+02	6.56535222753311e-03,-2.19596348046387e-04
1.11579493308035e+02	6.56525413587778e-03,-2.21053997891805e-04
1.12355590059043e+02	6.56515468068532e-03,-2.22522178351075e-04
1.13137084989851e+02	6.56505384296690e-03,-2.24000958076165e-04
1.13924015647769e+02	6.56495160347174e-03,-2.25490406188787e-04
1.14716419841269e+02	6.56484794268286e-03,-2.26990592282867e-04
1.15514335641803e+02	6.56474284081416e-03,-2.28501586427064e-04
1.16317801385628e+02	6.56463627780623e-03,-2.30023459167273e-04
1.17126855675653e+02	6.56452823332269e-03,-2.31556281529127e-04
1.17941537383291e+02	6.56441868674671e-03,-2.33100125020534e-04
1.18761885650327e+02	6.56430761717681e-03,-2.34655061634179e-04
1.19587939890798e+02	6.56419500342309e-03,-2.36221163850061e-04
1.20419739792889e+02	6.56408082400303e-03,-2.37798504638008e-04
1.21257325320835e+02	6.56396505713800e-03,-2.39387157460231e-04
1.22100736716848e+02	6.56384768074891e-03,-2.40987196273850e-04
1.22950014503044e+02	6.56372867245193e-03,-2.42598695533427e-04
1.23805199483395e+02	6.56360800955451e-03,-2.44221730193518e-04
1.24666332745683e+02	6.56348566905096e-03,-2.45856375711206e-04
1.25533455663483e+02	6.56336162761903e-03,-2.47502708048689e-04
1.26406609898144e+02	6.56323586161389e-03,-2.49160803675755e-04
1.27285837400790e+02	6.56310834706550e-03,-2.50830739572410e-04
1.28171180414343e+02	6.56297905967313e-03,-2.52512593231384e-04
1.29062681475544e+02	6.56284797480103e-03,-2.54206442660698e-04
1.29960383417001e+02	6.56271506747388e-03,-2.55912366386210e-04
1.30864329369249e+02	6.56258031237231e-03,-2.57630443454177e-04
1.31774562762815e+02	6.56244368382836e-03,-2.59360753433824e-04
1.32691127330314e+02	6.56230515581974e-03,-2.61103376419843e-04
1.33614067108543e+02	6.56216470196667e-03,-2.62858393035020e-04
1.34543426440598e+02	6.56202229552542e-03,-2.64625884432721e-04
1.35479249978008e+02	6.56187790938380e-03,-2.66405932299457e-04
1.36421582682877e+02	6.56173151605691e-03,-2.68198618857459e-04
1.37370469830044e+02	6.56158308768141e-03,-2.70004026867195e-04
1.38325957009262e+02	6.56143259600989e-03,-2.71822239629895e-04
1.39288090127384e+02	6.56128001240705e-03,-2.73653340990140e-04
1.40256915410570e+02	6.56112530784282e-03,-2.75497415338328e-04
1.41232479406509e+02	6.56096845288824e-03,-2.77354547613247e-04
1.42214828986655e+02	6.56080941770920e-03,-2.79224823304579e-04
1.43204011348480e+02	6.56064817206189e-03,-2.81108328455440e-04
1.44200074017737e+02	6.56048468528577e-03,-2.83005149664832e-04
1.45203064850750e+02	6.56031892629967e-03,-2.84915374090222e-04
1.46213032036708e+02	6.56015086359470e-03,-2.86839089449975e-04
1.47230024099984e+02	6.55998046522889e-03,-2.88776384025867e-04
1.48254089902464e+02	6.55980769882205e-03,-2.90727346665587e-04
1.49285278645893e+02	6.55963253154824e-03,-2.92692066785146e-04
1.50323639874246e+02	6.55945493013139e-03,-2.94670634371402e-04
1.51369223476100e+02	6.55927486083821e-03,-2.96663139984467e-04
1.52422079687034e+02	6.55909228947261e-03,-2.98669674760176e-04
1.53482259092047e+02	6.55890718136851e-03,-3.00690330412469e-04
1.54549812627980e+02	6.55871950138456e-03,-3.02725199235851e-04
1.55624791585970e+02	6.55852921389735e-03,-3.04774374107779e-04
1.56707247613913e+02	6.55833628279439e-03,-3.06837948491025e-04
1.57797232718942e+02	6.55814067146850e-03,-3.08916016436097e-04
1.58894799269930e+02	6.55794234281012e-03,-3.11008672583538e-04
1.60000000000005e+02	6.55774125920120e-03,-3.13116012166311e-04
1.61112888009080e+02	6.55753738250801e-03,-3.15238131012100e-04
1.62233516766409e+02	6.55733067407480e-03,-3.17375125545644e-04
1.63361940113156e+02	6.55712109471602e-03,-3.19527092790988e-04
1.64498212264976e+02	6.55690860470914e-03,-3.21694130373756e-04
1.65642387814625e+02	6.55669316378830e-03,-3.23876336523431e-04
1.66794521734584e+02	6.55647473113629e-03,-3.26073810075549e-04
1.67954669379696e+02	6.55625326537773e-03,-3.28286650473936e-04
1.69122886489826e+02	6.55602872457048e-03,-3.30514957772835e-04
1.70299229192543e+02	6.55580106619943e-03,-3.32758832639125e-04
1.71483754005812e+02	6.55557024716776e-03,-3.35018376354407e-04
1.72676517840714e+02	6.55533622379010e-03,-3.37293690817158e-04
1.73877578004175e+02	6.55509895178347e-03,-3.39584878544753e-04
1.75086992201724e+02	6.55485838626024e-03,-3.41892042675553e-04
1.76304818540263e+02	6.55461448171978e-03,-3.44215286970932e-04
1.77531115530861e+02	6.55436719203991e-03,-3.46554715817235e-04
1.78765942091561e+02	6.55411647046966e-03,-3.48910434227805e-04
1.80009357550215e+02	6.55386226961931e-03,-3.51282547844824e-04
1.81261421647333e+02	6.55360454145298e-03,-3.53671162941264e-04
1.82522194538953e+02	6.55334323727999e-03,-3.56076386422755e-04
1.83791736799531e+02	6.55307830774573e-03,-3.58498325829373e-04
1.85070109424852e+02	6.55280970282279e-03,-3.60937089337444e-04
1.86357373834959e+02	6.55253737180274e-03,-3.63392785761313e-04
1.87653591877106e+02	6.55226126328605e-03,-3.65865524555012e-04
1.88958825828731e+02	6.55198132517358e-03,-3.68355415813950e-04
1.90273138400441e+02	6.55169750465744e-03,-3.70862570276559e-04
1.91596592739035e+02	6.55140974821080e-03,-3.73387099325822e-04
1.92929252430528e+02	6.55111800157947e-03,-3.75929114990880e-04
1.94271181503214e+02	6.55082220977108e-03,-3.78488729948436e-04
1.95622444430737e+02	6.55052231704643e-03,-3.81066057524286e-04
1.96983106135193e+02	6.55021826690889e-03,-3.83661211694647e-04
1.98353231990244e+02	6.54991000209428e-03,-3.86274307087497e-04
1.99732887824264e+02	6.54959746456184e-03,-3.88905458983928e-04
2.01122139923499e+02	6.54928059548248e-03,-3.91554783319287e-04
2.02521055035251e+02	6.54895933522970e-03,-3.94222396684434e-04
2.03929700371089e+02	6.54863362336823e-03,-3.96908416326800e-04
2.05348143610071e+02	6.54830339864384e-03,-3.99612960151487e-04
2.06776452902005e+02	6.54796859897260e-03,-4.02336146722254e-04
2.08214696870716e+02	6.54762916142960e-03,-4.05078095262437e-04
2.09662944617345e+02	6.54728502223815e-03,-4.07838925655830e-04
2.11121265723670e+02	6.54693611675910e-03,-4.10618758447515e-04
2.12589730255449e+02	6.54658237947867e-03,-4.13417714844544e-04
2.14068408765785e+02	6.54622374399744e-03,-4.16235916716636e-04
2.15557372298518e+02	6.54586014301933e-03,-4.19073486596792e-04
2.17056692391635e+02	6.54549150833853e-03,-4.21930547681738e-04
2.18566441080711e+02	6.54511777082894e-03,-4.24807223832432e-04
2.20086690902366e+02	6.54473886043207e-03,-4.27703639574430e-04
2.21617514897755e+02	6.54435470614398e-03,-4.30619920098113e-04
2.23158986616072e+02	6.54396523600368e-03,-4.33556191258905e-04
2.24711180118087e+02	6.54357037708107e-03,-4.36512579577435e-04
2.26274169979703e+02	6.54317005546322e-03,-4.39489212239466e-04
2.27848031295539e+02	6.54276419624273e-03,-4.42486217095919e-04
2.29432839682540e+02	6.54235272350450e-03,-4.45503722662671e-04
2.31028671283607e+02	6.54193556031242e-03,-4.48541858120300e-04
2.32635602771258e+02	6.54151262869684e-03,-4.51600753313768e-04
2.34253711351308e+02	6.54108384964051e-03,-4.54680538751932e-04
2.35883074766584e+02	6.54064914306541e-03,-4.57781345606994e-04
2.37523771300656e+02	6.54020842781936e-03,-4.60903305713884e-04
2.39175879781598e+02	6.53976162166151e-03,-4.64046551569433e-04
2.40839479585779e+02	6.53930864124972e-03,-4.67211216331584e-04
2.42514650641672e+02	6.53884940212460e-03,-4.70397433818291e-04
2.44201473433698e+02	6.53838381869702e-03,-4.73605338506534e-04
2.45900029006090e+02	6.53791180423210e-03,-4.76835065530968e-04
2.47610398966791e+02	6.53743327083605e-03,-4.80086750682713e-04
2.49332665491369e+02	6.53694812944002e-03,-4.83360530407749e-04
2.51066911326969e+02	6.53645628978611e-03,-4.86656541805407e-04
2.52813219796289e+02	6.53595766041214e-03,-4.89974922626629e-04
2.54571674801583e+02	6.53545214863561e-03,-4.93315811272042e-04
2.56342360828688e+02	6.53493966053949e-03,-4.96679346790046e-04
2.58125362951089e+02	6.53442010095543e-03,-5.00065668874590e-04
2.59920766834004e+02	6.53389337344832e-03,-5.03474917862905e-04
2.61728658738499e+02	6.53335938030084e-03,-5.06907234733115e-04
2.63549125525633e+02	6.53281802249676e-03,-5.10362761101596e-04
2.65382254660631e+02	6.53226919970446e-03,-5.13841639220242e-04
2.67228134217088e+02	6.53171281026082e-03,-5.17344011973568e-04
2.69086852881198e+02	6.53114875115438e-03,-5.20870022875661e-04
2.70958499956018e+02	6.53057691800845e-03,-5.24419816066936e-04
2.72843165365756e+02	6.52999720506406e-03,-5.27993536310732e-04
2.74740939660091e+02	6.52940950516278e-03,-5.31591328989755e-04
2.76651914018527e+02	6.52881370972901e-03,-5.35213340102297e-04
2.78576180254770e+02	6.52820970875272e-03,-5.38859716258328e-04
2.80513830821141e+02	6.52759739077171e-03,-5.42530604675393e-04
2.82464958813020e+02	6.52697664285287e-03,-5.46226153174221e-04
2.84429657973313e+02	6.52634735057502e-03,-5.49946510174320e-04
2.86408022696961e+02	6.52570939801018e-03,-5.53691824689229e-04
2.88400148035476e+02	6.52506266770445e-03,-5.57462246321582e-04
2.90406129701502e+02	6.52440704065983e-03,-5.61257925258011e-04
2.92426064073419e+02	6.52374239631534e-03,-5.65079012263852e-04
2.94460048199971e+02	6.52306861252752e-03,-5.68925658677546e-04
2.96508179804929e+02	6.52238556555165e-03,-5.72798016404934e-04
2.98570557291789e+02	6.52169313002121e-03,-5.76696237913149e-04
3.00647279748495e+02	6.52099117892933e-03,-5.80620476224517e-04
3.02738446952202e+02	6.52027958360800e-03,-5.84570884910005e-04
3.04844159374071e+02	6.51955821370857e-03,-5.88547618082556e-04
3.06964518184096e+02	6.51882693718083e-03,-5.92550830390092e-04
3.09099625255962e+02	6.51808562025299e-03,-5.96580677008351e-04
3.11249583171943e+02	6.51733412741090e-03,-6.00637313633406e-04
3.13414495227828e+02	6.51657232137676e-03,-6.04720896473909e-04
3.15594465437887e+02	6.51580006308845e-03,-6.08831582243116e-04
3.17789598539863e+02	6.51501721167777e-03,-6.12969528150591e-04
3.20000000000012e+02	6.51422362444975e-03,-6.17134891893714e-04
3.22225776018162e+02	6.51341915685965e-03,-6.21327831648711e-04
3.24467033532821e+02	6.51260366249247e-03,-6.25548506061675e-04
3.26723880226314e+02	6.51177699303944e-03,-6.29797074238970e-04
3.28996424529954e+02	6.51093899827689e-03,-6.34073695737633e-04
3.31284775629253e+02	6.51008952604298e-03,-6.38378530555228e-04
3.33589043469171e+02	6.50922842221526e-03,-6.42711739119522e-04
3.35909338759394e+02	6.50835553068755e-03,-6.47073482277754e-04
3.38245772979655e+02	6.50747069334739e-03,-6.51463921285690e-04
3.40598458385088e+02	6.50657375005186e-03,-6.55883217796150e-04
3.42967508011627e+02	6.50566453860459e-03,-6.60331533847379e-04
3.45353035681430e+02	6.50474289473178e-03,-6.64809031850959e-04
3.47755156008352e+02	6.50380865205861e-03,-6.69315874579407e-04
3.50173984403450e+02	6.50286164208506e-03,-6.73852225153411e-04
3.52609637080529e+02	6.50190169416098e-03,-6.78418247028615e-04
3.55062231061724e+02	6.50092863546236e-03,-6.83014103982152e-04
3.57531884183124e+02	6.49994229096601e-03,-6.87639960098656e-04
3.60018715100433e+02	6.49894248342488e-03,-6.92295979755994e-04
3.62522843294669e+02	6.49792903334323e-03,-6.96982327610559e-04
3.65044389077910e+02	6.49690175895117e-03,-7.01699168582116e-04
3.67583473599065e+02	6.49586047617853e-03,-7.06446667838209e-04
3.70140218849706e+02	6.49480499863022e-03,-7.11224990778273e-04
3.72714747669920e+02	6.49373513755929e-03,-7.16034303017126e-04
3.75307183754216e+02	6.49265070184190e-03,-7.20874770368216e-04
3.77917651657464e+02	6.49155149795053e-03,-7.25746558826265e-04
3.80546276800886e+02	6.49043732992728e-03,-7.30649834549486e-04
3.83193185478072e+02	6.48930799935777e-03,-7.35584763841367e-04
3.85858504861058e+02	6.48816330534439e-03,-7.40551513132015e-04
3.88542363006430e+02	6.48700304447871e-03,-7.45550248958867e-04
3.91244888861477e+02	6.48582701081481e-03,-7.50581137947045e-04
3.93966212270389e+02	6.48463499584190e-03,-7.55644346789161e-04
3.96706463980491e+02	6.48342678845720e-03,-7.60740042224655e-04
3.99465775648532e+02	6.48220217493720e-03,-7.65868391018440e-04
4.02244279847001e+02	6.48096093891115e-03,-7.71029559939276e-04
4.05042110070506e+02	6.47970286133201e-03,-7.76223715737347e-04
4.07859400742180e+02	6.47842772044928e-03,-7.81451025121518e-04
4.10696287220146e+02	6.47713529177993e-03,-7.86711654735822e-04
4.13552905804014e+02	6.47582534808005e-03,-7.92005771135484e-04
4.16429393741435e+02	6.47449765931746e-03,-7.97333540762489e-04
4.19325889234693e+02	6.47315199264076e-03,-8.02695129920151e-04
4.22242531447343e+02	6.47178811235274e-03,-8.08090704747629e-04
4.25179460510901e+02	6.47040577987994e-03,-8.13520431193373e-04
4.28136817531573e+02	6.46900475374411e-03,-8.18984474988187e-04
4.31114744597038e+02	6.46758478953320e-03,-8.24483001617631e-04
4.34113384783272e+02	6.46614563987132e-03,-8.30016176293675e-04
4.37132882161424e+02	6.46468705438988e-03,-8.35584163925821e-04
4.40173381804736e+02	6.46320877969781e-03,-8.41187129091489e-04
4.43235029795514e+02	6.46171055935209e-03,-8.46825236005782e-04
4.46317973232148e+02	6.46019213382744e-03,-8.52498648490432e-04
4.49422360236177e+02	6.45865324048736e-03,-8.58207529942269e-04
4.52548339959409e+02	6.45709361355350e-03,-8.63952043300773e-04
4.55696062591081e+02	6.45551298407630e-03,-8.69732351015026e-04
4.58865679365083e+02	6.45391107990361e-03,-8.75548615009745e-04
4.62057342567218e+02	6.45228762565274e-03,-8.81400996650991e-04
4.65271205542518e+02	6.45064234267845e-03,-8.87289656710586e-04
4.68507422702619e+02	6.44897494904347e-03,-8.93214755330120e-04
4.71766149533172e+02	6.44728515948876e-03,-8.99176451984142e-04
4.75047542601315e+02	6.44557268540184e-03,-9.05174905442299e-04
4.78351759563200e+02	6.44383723478829e-03,-9.11210273731077e-04
4.81678959171561e+02	6.44207851223982e-03,-9.17282714094325e-04
4.85029301283347e+02	6.44029621890569e-03,-9.23392382953337e-04
4.88402946867399e+02	6.43849005246108e-03,-9.29539435865697e-04
4.91800058012184e+02	6.43665970707732e-03,-9.35724027483523e-04
4.95220797933585e+02	6.43480487339205e-03,-9.41946311510853e-04
4.98665330982741e+02	6.43292523847852e-03,-9.48206440659978e-04
5.02133822653941e+02	6.43102048581602e-03,-9.54504566607058e-04
5.05626439592583e+02	6.42909029525941e-03,-9.60840839946710e-04
5.09143349603169e+02	6.42713434301012e-03,-9.67215410145853e-04
5.12684721657380e+02	6.42515230158473e-03,-9.73628425496258e-04
5.16250725902183e+02	6.42314383978693e-03,-9.80080033066662e-04
5.19841533668013e+02	6.42110862267682e-03,-9.86570378653485e-04
5.23457317477002e+02	6.41904631154204e-03,-9.93099606730836e-04
5.27098251051269e+02	6.41695656386800e-03,-9.99667860399399e-04
5.30764509321265e+02	6.41483903330968e-03,-1.00627528133451e-03
5.34456268434179e+02	6.41269336966140e-03,-1.01292200973290e-03
5.38173705762400e+02	6.41051921882871e-03,-1.01960818425874e-03
5.41916999912040e+02	6.40831622280038e-03,-1.02633394198856e-03
5.45686330731516e+02	6.40608401961898e-03,-1.03309941835498e-03
5.49481879320186e+02	6.40382224335423e-03,-1.03990474708968e-03
5.53303828037057e+02	6.40153052407344e-03,-1.04675006016482e-03
5.57152360509543e+02	6.39920848781552e-03,-1.05363548773393e-03
5.61027661642286e+02	6.39685575656348e-03,-1.06056115807141e-03
5.64929917626043e+02	6.39447194821677e-03,-1.06752719751079e-03
5.68859315946629e+02	6.39205667656579e-03,-1.07453373038221e-03
5.72816045393927e+02	6.38960955126476e-03,-1.08158087894846e-03
5.76800296070956e+02	6.38713017780682e-03,-1.08866876334010e-03
5.80812259403008e+02	6.38461815749834e-03,-1.09579750148933e-03
5.84852128146842e+02	6.38207308743323e-03,-1.10296720906250e-03
5.88920096399945e+02	6.37949456046988e-03,-1.11017799939189e-03
5.93016359609863e+02	6.37688216520592e-03,-1.11742998340583e-03
5.97141114583583e+02	6.37423548595517e-03,-1.12472326955786e-03
6.01294559496994e+02	6.37155410272431e-03,-1.13205796375461e-03
6.05476893904408e+02	6.36883759119139e-03,-1.13943416928256e-03
6.09688318748146e+02	6.36608552268256e-03,-1.14685198673331e-03
6.13929036368196e+02	6.36329746415185e-03,-1.15431151392790e-03
6.18199250511928e+02	6.36047297815986e-03,-1.16181284583958e-03
6.22499166343890e+02	6.35761162285419e-03,-1.16935607451556e-03
6.26828990455661e+02	6.35471295195012e-03,-1.17694128899738e-03
6.31188930875777e+02	6.35177651471121e-03,-1.18456857523981e-03
6.35579197079731e+02	6.34880185593244e-03,-1.19223801602884e-03
6.40000000000028e+02	6.34578851592276e-03,-1.19994969089800e-03
6.44451552036329e+02	6.34273603048854e-03,-1.20770367604355e-03
6.48934067065647e+02	6.33964393091812e-03,-1.21550004423823e-03
6.53447760452633e+02	6.33651174396766e-03,-1.22333886474383e-03
6.57992849059912e+02	6.33333899184683e-03,-1.23122020322224e-03
6.62569551258511e+02	6.33012519220638e-03,-1.23914412164526e-03
6.67178086938347e+02	6.32686985812628e-03,-1.24711067820306e-03
6.71818677518793e+02	6.32357249810511e-03,-1.25511992721126e-03
6.76491545959314e+02	6.32023261604973e-03,-1.26317191901649e-03
6.81196916770181e+02	6.31684971126683e-03,-1.27126669990082e-03
6.85935016023258e+02	6.31342327845602e-03,-1.27940431198480e-03
6.90706071362864e+02	6.30995280770220e-03,-1.28758479312877e-03
6.95510312016709e+02	6.30643778447145e-03,-1.29580817683328e-03
7.00347968806905e+02	6.30287768960575e-03,-1.30407449213763e-03
7.05219274161063e+02	6.29927199932166e-03,-1.31238376351754e-03
7.10124462123453e+02	6.29562018520776e-03,-1.32073601078092e-03
7.15063768366253e+02	6.29192171422527e-03,-1.32913124896260e-03
7.20037430200871e+02	6.28817604870890e-03,-1.33756948821749e-03
7.25045686589344e+02	6.28438264636955e-03,-1.34605073371236e-03
7.30088778155824e+02	6.28054096029904e-03,-1.35457498551636e-03
7.35166947198136e+02	6.27665043897575e-03,-1.36314223849007e-03
7.40280437699418e+02	6.27271052627100e-03,-1.37175248217290e-03
7.45429495339846e+02	6.26872066145968e-03,-1.38040570066976e-03
7.50614367508437e+02	6.26468027922943e-03,-1.38910187253560e-03
7.55835303314934e+02	6.26058880969327e-03,-1.39784097065900e-03
7.61092553601776e+02	6.25644567840460e-03,-1.40662296214453e-03
7.66386370956150e+02	6.25225030637155e-03,-1.41544780819319e-03
7.71717009722122e+02	6.24800211007601e-03,-1.42431546398214e-03
7.77084726012866e+02	6.24370050149331e-03,-1.43322587854281e-03
7.82489777722960e+02	6.23934488811287e-03,-1.44217899463743e-03
7.87932424540783e+02	6.23493467296239e-03,-1.45117474863464e-03
7.93412927960988e+02	6.23046925463382e-03,-1.46021307038368e-03
7.98931551297069e+02	6.22594802731150e-03,-1.46929388308735e-03
8.04488559694007e+02	6.22137038080062e-03,-1.47841710317323e-03
8.10084220141017e+02	6.21673570056151e-03,-1.48758264016456e-03
8.15718801484366e+02	6.21204336774284e-03,-1.49679039654894e-03
8.21392574440297e+02	6.20729275921897e-03,-1.50604026764643e-03
8.27105811608034e+02	6.20248324762966e-03,-1.51533214147632e-03
8.32858787482876e+02	6.19761420142071e-03,-1.52466589862240e-03
8.38651778469392e+02	6.19268498488940e-03,-1.53404141209764e-03
8.44485062894692e+02	6.18769495823067e-03,-1.54345854720735e-03
8.50358921021807e+02	6.18264347758695e-03,-1.55291716141138e-03
8.56273635063152e+02	6.17752989510007e-03,-1.56241710418525e-03
8.62229489194082e+02	6.17235355896650e-03,-1.57195821688028e-03
8.68226769566551e+02	6.16711381349475e-03,-1.58154033258264e-03
8.74265764322854e+02	6.16180999916602e-03,-1.59116327597152e-03
8.80346763609478e+02	6.15644145269823e-03,-1.60082686317638e-03
8.86470059591034e+02	6.15100750711235e-03,-1.61053090163333e-03
8.92635946464302e+02	6.14550749180134e-03,-1.62027518994040e-03
8.98844720472361e+02	6.13994073260406e-03,-1.63005951771255e-03
9.05096679918824e+02	6.13430655188041e-03,-1.63988366543537e-03
9.11392125182169e+02	6.12860426859024e-03,-1.64974740431823e-03
9.17731358730173e+02	6.12283319837682e-03,-1.65965049614715e-03
9.24114685134442e+02	6.11699265365152e-03,-1.66959269313638e-03
9.30542411085043e+02	6.11108194368450e-03,-1.67957373778019e-03
9.37014845405245e+02	6.10510037469567e-03,-1.68959336270328e-03
9.43532299066350e+02	6.09904724995250e-03,-1.69965129051158e-03
9.50095085202637e+02	6.09292186986907e-03,-1.70974723364208e-03
9.56703519126407e+02	6.08672353211060e-03,-1.71988089421283e-03
9.63357918343130e+02	6.08045153169936e-03,-1.73005196387194e-03
9.70058602566702e+02	6.07410516112751e-03,-1.74026012364739e-03
9.76805893734805e+02	6.06768371047078e-03,-1.75050504379575e-03
9.83600116024376e+02	6.06118646750803e-03,-1.76078638365150e-03
9.90441595867178e+02	6.05461271784446e-03,-1.77110379147619e-03
9.97330661965489e+02	6.04796174503747e-03,-1.78145690430738e-03
1.00426764530789e+03	6.04123283072905e-03,-1.79184534780840e-03
1.01125287918517e+03	6.03442525478027e-03,-1.80226873611783e-03
1.01828669920635e+03	6.02753829541054e-03,-1.81272667169943e-03
1.02536944331477e+03	6.02057122934215e-03,-1.82321874519285e-03
1.03250145180437e+03	6.01352333194764e-03,-1.83374453526446e-03
1.03968306733603e+03	6.00639387740231e-03,-1.84430360845888e-03
1.04691463495401e+03	5.99918213884110e-03,-1.85489551905139e-03
1.05419650210255e+03	5.99188738852014e-03,-1.86551980890111e-03
1.06152901864254e+03	5.98450889798275e-03,-1.87617600730505e-03
1.06891253686837e+03	5.97704593822907e-03,-1.88686363085300e-03
1.07634741152481e+03	5.96949777989212e-03,-1.89758218328396e-03
1.08383399982409e+03	5.96186369341735e-03,-1.90833115534361e-03
1.09137266146304e+03	5.95414294924660e-03,-1.91911002464288e-03
1.09896375864038e+03	5.94633481800771e-03,-1.92991825551837e-03
1.10660765607412e+03	5.93843857070859e-03,-1.94075529889423e-03
1.11430472101910e+03	5.93045347893629e-03,-1.95162059214578e-03
1.12205532328458e+03	5.92237881506014e-03,-1.96251355896475e-03
1.12985983525210e+03	5.91421385244105e-03,-1.97343360922686e-03
1.13771863189327e+03	5.90595786564492e-03,-1.98438013886120e-03
1.14563209078786e+03	5.89761013066061e-03,-1.99535252972188e-03
1.15360059214192e+03	5.88916992512495e-03,-2.00635014946241e-03
1.16162451880602e+03	5.88063652854902e-03,-2.01737235141168e-03
1.16970425629369e+03	5.87200922255405e-03,-2.02841847445390e-03
1.17784019279990e+03	5.86328729110865e-03,-2.03948784291016e-03
1.18603271921974e+03	5.85447002077273e-03,-2.05057976642352e-03
1.19428222916717e+03	5.84555670094666e-03,-2.06169353984718e-03
1.20258911899400e+03	5.83654662412431e-03,-2.07282844313551e-03
1.21095378780882e+03	5.82743908615298e-03,-2.08398374123919e-03
1.21937663749630e+03	5.81823338649621e-03,-2.09515868400304e-03
1.22785807273640e+03	5.80892882850339e-03,-2.10635250606816e-03
1.23639850102387e+03	5.79952471968424e-03,-2.11756442677806e-03
1.24499833268779e+03	5.79002037198674e-03,-2.12879365008814e-03
1.25365798091133e+03	5.78041510208263e-03,-2.14003936448021e-03
1.26237786175156e+03	5.77070823165521e-03,-2.15130074288074e-03
1.27115839415947e+03	5.76089908769433e-03,-2.16257694258407e-03
1.28000000000007e+03	5.75098700279538e-03,-2.17386710518040e-03
1.28890310407267e+03	5.74097131546232e-03,-2.18517035648806e-03
1.29786813413130e+03	5.73085137041782e-03,-2.19648580649196e-03
1.30689552090528e+03	5.72062651891542e-03,-2.20781254928600e-03
1.31598569811983e+03	5.71029611905903e-03,-2.21914966302221e-03
1.32513910251703e+03	5.69985953612526e-03,-2.23049620986454e-03
1.33435617387670e+03	5.68931614289121e-03,-2.24185123594894e-03
1.34363735503760e+03	5.67866531996677e-03,-2.25321377134941e-03
1.35298309191864e+03	5.66790645613119e-03,-2.26458283005006e-03
1.36239383354037e+03	5.65703894867443e-03,-2.27595740992381e-03
1.37187003204653e+03	5.64606220374216e-03,-2.28733649271733e-03
1.38141214272574e+03	5.63497563668572e-03,-2.29871904404301e-03
1.39102062403343e+03	5.62377867241543e-03,-2.31010401337761e-03
1.40069593761382e+03	5.61247074575859e-03,-2.32149033406830e-03
1.41043854832214e+03	5.60105130182116e-03,-2.33287692334589e-03
1.42024892424692e+03	5.58951979635308e-03,-2.34426268234552e-03
1.43012753673252e+03	5.57787569611681e-03,-2.35564649613492e-03
1.44007486040175e+03	5.56611847926053e-03,-2.36702723375100e-03
1.45009137317870e+03	5.55424763569405e-03,-2.37840374824415e-03
1.46017755631166e+03	5.54226266746650e-03,-2.38977487673034e-03
1.47033389439628e+03	5.53016308915065e-03,-2.40113944045295e-03
1.48056087539885e+03	5.51794842822617e-03,-2.41249624485185e-03
1.49085899067970e+03	5.50561822546783e-03,-2.42384407964183e-03
1.50122873501688e+03	5.49317203533595e-03,-2.43518171890016e-03
1.51167060662988e+03	5.48060942636955e-03,-2.44650792116340e-03
1.52218510720356e+03	5.46792998157955e-03,-2.45782142953241e-03
1.53277274191231e+03	5.45513329884684e-03,-2.46912097178850e-03
1.54343401944426e+03	5.44221899132057e-03,-2.48040526051809e-03
1.55416945202574e+03	5.42918668781759e-03,-2.49167299324746e-03
1.56497955544593e+03	5.41603603322378e-03,-2.50292285258736e-03
1.57586484908158e+03	5.40276668889694e-03,-2.51415350638826e-03
1.58682585592199e+03	5.38937833306929e-03,-2.52536360790512e-03
1.59786310259415e+03	5.37587066125185e-03,-2.53655179597328e-03
1.60897711938803e+03	5.36224338663798e-03,-2.54771669519432e-03
1.62016844028205e+03	5.34849624050755e-03,-2.55885691613287e-03
1.63143760296874e+03	5.33462897263093e-03,-2.56997105552431e-03
1.64278514888061e+03	5.32064135167269e-03,-2.58105769649342e-03
1.65421162321608e+03	5.30653316559350e-03,-2.59211540878373e-03
1.66571757496577e+03	5.29230422205250e-03,-2.60314274899852e-03
1.67730355693880e+03	5.27795434880714e-03,-2.61413826085281e-03
1.68897012578940e+03	5.26348339411128e-03,-2.62510047543659e-03
1.70071784204363e+03	5.24889122711265e-03,-2.63602791148991e-03
1.71254727012632e+03	5.23417773824609e-03,-2.64691907568896e-03
1.72445897838818e+03	5.21934283962597e-03,-2.65777246294428e-03
1.73645353913312e+03	5.20438646543400e-03,-2.66858655671007e-03
1.74853152864572e+03	5.18930857230536e-03,-2.67935982930575e-03
1.76069352721897e+03	5.17410913971007e-03,-2.69009074224897e-03
1.77294011918208e+03	5.15878817033012e-03,-2.70077774660003e-03
1.78527189292862e+03	5.14334569043362e-03,-2.71141928331906e-03
1.79768944094474e+03	5.12778175024322e-03,-2.72201378363413e-03
1.81019335983766e+03	5.11209642429911e-03,-2.73255966942141e-03
1.82278425036435e+03	5.09628981181794e-03,-2.74305535359745e-03
1.83546271746036e+03	5.08036203704402e-03,-2.75349924052248e-03
1.84822937026890e+03	5.06431324959684e-03,-2.76388972641669e-03
1.86108482217010e+03	5.04814362480912e-03,-2.77422519978670e-03
1.87402969081051e+03	5.03185336406040e-03,-2.78450404186493e-03
1.88706459813271e+03	5.01544269510193e-03,-2.79472462705990e-03
1.90019017040529e+03	4.99891187237371e-03,-2.80488532341787e-03
1.91340703825283e+03	4.98226117731444e-03,-2.81498449309646e-03
1.92671583668627e+03	4.96549091866229e-03,-2.82502049284914e-03
1.94011720513342e+03	4.94860143274643e-03,-2.83499167452076e-03
1.95361178746963e+03	4.93159308377035e-03,-2.84489638555467e-03
1.96720023204877e+03	4.91446626408387e-03,-2.85473296950969e-03
1.98088319173437e+03	4.89722139444724e-03,-2.86449976658913e-03
1.99466132393099e+03	4.87985892428242e-03,-2.87419511417896e-03
2.00853529061580e+03	4.86237933191491e-03,-2.88381734739705e-03
2.02250575837036e+03	4.84478312480506e-03,-2.89336479965303e-03
2.03657339841271e+03	4.82707083976517e-03,-2.90283580321648e-03
2.05073888662955e+03	4.80924304316736e-03,-2.91222868979645e-03
2.06500290360876e+03	4.79130033113711e-03,-2.92154179112914e-03
2.07936613467208e+03	4.77324332973522e-03,-2.93077343957565e-03
2.09382926990804e+03	4.75507269512607e-03,-2.93992196872788e-03
2.10839300420511e+03	4.73678911373239e-03,-2.94898571402337e-03
2.12305803728509e+03	4.71839330237651e-03,-2.95796301336830e-03
2.13782507373675e+03	4.69988600840730e-03,-2.96685220776862e-03
2.15269482304963e+03	4.68126800981178e-03,-2.97565164196789e-03
2.16766799964819e+03	4.66254011531333e-03,-2.98435966509378e-03
2.18274532292609e+03	4.64370316445381e-03,-2.99297463131034e-03
2.19792751728078e+03	4.62475802765978e-03,-3.00149490047692e-03
2.21321531214826e+03	4.60570560629390e-03,-3.00991883881369e-03
2.22860944203821e+03	4.58654683268942e-03,-3.01824481957214e-03
2.24411064656918e+03	4.56728267016866e-03,-3.02647122371145e-03
2.25971967050421e+03	4.54791411304444e-03,-3.03459644057910e-03
2.27543726378655e+03	4.52844218660537e-03,-3.04261886859660e-03
2.29126418157574e+03	4.50886794708259e-03,-3.05053691594811e-03
2.30720118428386e+03	4.48919248160054e-03,-3.05834900127356e-03
2.32324903761207e+03	4.46941690810927e-03,-3.06605355436399e-03
2.33940851258740e+03	4.44954237529878e-03,-3.07364901685967e-03
2.35568038559982e+03	4.42957006249559e-03,-3.08113384294980e-03
2.37206543843949e+03	4.40950117954136e-03,-3.08850650007425e-03
2.38856445833437e+03	4.38933696665254e-03,-3.09576546962575e-03
2.40517823798801e+03	4.36907869426182e-03,-3.10290924765245e-03
2.42190757561767e+03	4.34872766284108e-03,-3.10993634556071e-03
2.43875327499262e+03	4.32828520270469e-03,-3.11684529081633e-03
2.45571614547282e+03	4.30775267379541e-03,-3.12363462764555e-03
2.47279700204775e+03	4.28713146545005e-03,-3.13030291773348e-03
2.48999666537560e+03	4.26642299614673e-03,-3.13684874092004e-03
2.50731596182268e+03	4.24562871323295e-03,-3.14327069589340e-03
2.52475572350315e+03	4.22475009263494e-03,-3.14956740087948e-03
2.54231678831896e+03	4.20378863854730e-03,-3.15573749432716e-03
2.56000000000015e+03	4.18274588310447e-03,-3.16177963558909e-03
2.57780620814535e+03	4.16162338603239e-03,-3.16769250559672e-03
2.59573626826263e+03	4.14042273428194e-03,-3.17347480752963e-03
2.61379104181057e+03	4.11914554164308e-03,-3.17912526747814e-03
2.63197139623969e+03	4.09779344834072e-03,-3.18464263509891e-03
2.65027820503409e+03	4.07636812061169e-03,-3.19002568426273e-03
2.66871234775343e+03	4.05487125026279e-03,-3.19527321369333e-03
2.68727471007521e+03	4.03330455421245e-03,-3.20038404759893e-03
2.70596618383730e+03	4.01166977401140e-03,-3.20535703629182e-03
2.72478766708077e+03	3.98996867534827e-03,-3.21019105679995e-03
2.74374006409308e+03	3.96820304753619e-03,-3.21488501346685e-03
2.76282428545150e+03	3.94637470298141e-03,-3.21943783853974e-03
2.78204124806688e+03	3.92448547663693e-03,-3.22384849274724e-03
2.80139187522766e+03	3.90253722543713e-03,-3.22811596586317e-03
2.82087709664429e+03	3.88053182771713e-03,-3.23223927725822e-03
2.84049784849386e+03	3.85847118261602e-03,-3.23621747643796e-03
2.86025507346506e+03	3.83635720946349e-03,-3.24004964356621e-03
2.88014972080353e+03	3.81419184715204e-03,-3.24373488997469e-03
2.90018274635742e+03	3.79197705349423e-03,-3.24727235865735e-03
2.92035511262334e+03	3.76971480456367e-03,-3.25066122474790e-03
2.94066778879259e+03	3.74740709402473e-03,-3.25390069598356e-03
2.96112175079772e+03	3.72505593244567e-03,-3.25699001314967e-03
2.98171798135943e+03	3.70266334660095e-03,-3.25992845050942e-03
3.00245747003379e+03	3.68023137875874e-03,-3.26271531621417e-03
3.02334121325978e+03	3.65776208595856e-03,-3.26534995269807e-03
3.04437021440715e+03	3.63525753927476e-03,-3.26783173705188e-03
3.06554548382465e+03	3.61271982307103e-03,-3.27016008138028e-03
3.08686803888854e+03	3.59015103424270e-03,-3.27233443313837e-03
3.10833890405151e+03	3.56755328145047e-03,-3.27435427545014e-03
3.12995911089189e+03	3.54492868434355e-03,-3.27621912740608e-03
3.15172969816318e+03	3.52227937277416e-03,-3.27792854434081e-03
3.17365171184400e+03	3.49960748600510e-03,-3.27948211809137e-03
3.19572620518832e+03	3.47691517190755e-03,-3.28087947723310e-03
3.21795423877608e+03	3.45420458615411e-03,-3.28212028729626e-03
3.24033688056412e+03	3.43147789140386e-03,-3.28320425096023e-03
3.26287520593751e+03	3.40873725648274e-03,-3.28413110822705e-03
3.28557029776124e+03	3.38598485555847e-03,-3.28490063657304e-03
3.30842324643219e+03	3.36322286731111e-03,-3.28551265107869e-03
3.33143514993156e+03	3.34045347410034e-03,-3.28596700453706e-03
3.35460711387762e+03	3.31767886112959e-03,-3.28626358753992e-03
3.37794025157882e+03	3.29490121560724e-03,-3.28640232854139e-03
3.40143568408728e+03	3.27212272590717e-03,-3.28638319390029e-03
3.42509454025266e+03	3.24934558072762e-03,-3.28620618789953e-03
3.44891795677638e+03	3.22657196825007e-03,-3.28587135274347e-03
3.47290707826626e+03	3.20380407529865e-03,-3.28537876853365e-03
3.49706305729147e+03	3.18104408650038e-03,-3.28472855322136e-03
3.52138705443797e+03	3.15829418344752e-03,-3.28392086253875e-03
3.54588023836419e+03	3.13555654386190e-03,-3.28295588990745e-03
3.57054378585726e+03	3.11283334076296e-03,-3.28183386632572e-03
3.59537888188950e+03	3.09012674163944e-03,-3.28055506023332e-03
3.62038671967535e+03	3.06743890762542e-03,-3.27911977735483e-03
3.64556850072874e+03	3.04477199268146e-03,-3.27752836052141e-03
3.67092543492075e+03	3.02212814278199e-03,-3.27578118947128e-03
3.69645874053783e+03	2.99950949510855e-03,-3.27387868062897e-03
3.72216964434023e+03	2.97691817725083e-03,-3.27182128686397e-03
3.74805938162104e+03	2.95435630641482e-03,-3.26960949722840e-03
3.77412919626546e+03	2.93182598863950e-03,-3.26724383667431e-03
3.80038034081061e+03	2.90932931802304e-03,-3.26472486575185e-03
3.82681407650569e+03	2.88686837595706e-03,-3.26205318028571e-03
3.85343167337258e+03	2.86444523037306e-03,-3.25922941103481e-03
3.88023441026687e+03	2.84206193499796e-03,-3.25625422333085e-03
3.90722357493928e+03	2.81972052862152e-03,-3.25312831669924e-03
3.93440046409756e+03	2.79742303437549e-03,-3.24985242446154e-03
3.96176638346877e+03	2.77517145902509e-03,-3.24642731332032e-03
3.98932264786202e+03	2.75296779227283e-03,-3.24285378292575e-03
4.01707058123162e+03	2.73081400607685e-03,-3.23913266542693e-03
4.04501151674075e+03	2.70871205398166e-03,-3.23526482500521e-03
4.07314679682545e+03	2.68666387046379e-03,-3.23125115739186e-03
4.10147777325913e+03	2.66467137029214e-03,-3.22709258937090e-03
4.13000580721756e+03	2.64273644790321e-03,-3.22279007826629e-03
4.15873226934420e+03	2.62086097679178e-03,-3.21834461141467e-03
4.18765853981611e+03	2.59904680891786e-03,-3.21375720562477e-03
4.21678600841025e+03	2.57729577412898e-03,-3.20902890662233e-03
4.24611607457022e+03	2.55560967960012e-03,-3.20416078848337e-03
4.27565014747353e+03	2.53399030928960e-03,-3.19915395305415e-03
4.30538964609930e+03	2.51243942341260e-03,-3.19400952936016e-03
4.33533599929642e+03	2.49095875793184e-03,-3.18872867300325e-03
4.36549064585222e+03	2.46955002406632e-03,-3.18331256554890e-03
4.39585503456159e+03	2.44821490781741e-03,-3.17776241390272e-03
4.42643062429656e+03	2.42695506951363e-03,-3.17207944967840e-03
4.45721888407645e+03	2.40577214337311e-03,-3.16626492855572e-03
4.48822129313839e+03	2.38466773708525e-03,-3.16032012963159e-03
4.51943934100845e+03	2.36364343141051e-03,-3.15424635476267e-03
4.55087452757314e+03	2.34270077979870e-03,-3.14804492790086e-03
4.58252836315152e+03	2.32184130802715e-03,-3.14171719442320e-03
4.61440236856776e+03	2.30106651385625e-03,-3.13526452045460e-03
4.64649807522417e+03	2.28037786670556e-03,-3.12868829218689e-03
4.67881702517484e+03	2.25977680734781e-03,-3.12198991519186e-03
4.71136077119967e+03	2.23926474762261e-03,-3.11517081373149e-03
4.74413087687901e+03	2.21884307016847e-03,-3.10823243006291e-03
4.77712891666877e+03	2.19851312817474e-03,-3.10117622374276e-03
4.81035647597606e+03	2.17827624515211e-03,-3.09400367092777e-03
4.84381515123537e+03	2.15813371472164e-03,-3.08671626367347e-03
4.87750654998529e+03	2.13808680042333e-03,-3.07931550923287e-03
4.91143229094568e+03	2.11813673554313e-03,-3.07180292935353e-03
4.94559400409554e+03	2.09828472295818e-03,-3.06418005957475e-03
4.97999333075124e+03	2.07853193500159e-03,-3.05644844852608e-03
5.01463192364540e+03	2.05887951334432e-03,-3.04860965722537e-03
5.04951144700634e+03	2.03932856889625e-03,-3.04066525837980e-03
5.08463357663797e+03	2.01988018172460e-03,-3.03261683568791e-03
5.12000000000034e+03	2.00053540099091e-03,-3.02446598314545e-03
5.15561241629075e+03	1.98129524490430e-03,-3.01621430435207e-03
5.19147253652530e+03	1.96216070069400e-03,-3.00786341182475e-03
5.22758208362118e+03	1.94313272459703e-03,-2.99941492631185e-03
5.26394279247942e+03	1.92421224186439e-03,-2.99087047611441e-03
5.30055641006821e+03	1.90540014678294e-03,-2.98223169641080e-03
5.33742469550690e+03	1.88669730271360e-03,-2.97350022858673e-03
5.37454942015047e+03	1.86810454214640e-03,-2.96467771957222e-03
5.41193236767464e+03	1.84962266677035e-03,-2.95576582118325e-03
5.44957533416157e+03	1.83125244755939e-03,-2.94676618947125e-03
5.48748012818620e+03	1.81299462487321e-03,-2.93768048407860e-03
5.52564857090304e+03	1.79484990857282e-03,-2.92851036760207e-03
5.56408249613380e+03	1.77681897815077e-03,-2.91925750496336e-03
5.60278375045537e+03	1.75890248287542e-03,-2.90992356278842e-03
5.64175419328863e+03	1.74110104194872e-03,-2.90051020879419e-03
5.68099569698776e+03	1.72341524467799e-03,-2.89101911118460e-03
5.72051014693016e+03	1.70584565066008e-03,-2.88145193805547e-03
5.76029944160710e+03	1.68839278997871e-03,-2.87181035680810e-03
5.80036549271489e+03	1.67105716341365e-03,-2.86209603357274e-03
5.84071022524673e+03	1.65383924266251e-03,-2.85231063264211e-03
5.88133557758522e+03	1.63673947057334e-03,-2.84245581591395e-03
5.92224350159548e+03	1.61975826138860e-03,-2.83253324234423e-03
5.96343596271891e+03	1.60289600100031e-03,-2.82254456741102e-03
6.00491494006763e+03	1.58615304721522e-03,-2.81249144258879e-03
6.04668242651961e+03	1.56952973002974e-03,-2.80237551483255e-03
6.08874042881435e+03	1.55302635191502e-03,-2.79219842607442e-03
6.13109096764934e+03	1.53664318811100e-03,-2.78196181273010e-03
6.17373607777712e+03	1.52038048692886e-03,-2.77166730521667e-03
6.21667780810307e+03	1.50423847006271e-03,-2.76131652748225e-03
6.25991822178383e+03	1.48821733290862e-03,-2.75091109654652e-03
6.30345939632641e+03	1.47231724489176e-03,-2.74045262205316e-03
6.34730342368805e+03	1.45653834980018e-03,-2.72994270583312e-03
6.39145241037670e+03	1.44088076612624e-03,-2.71938294148062e-03
6.43590847755221e+03	1.42534458741395e-03,-2.70877491393988e-03
6.48067376112829e+03	1.40992988261270e-03,-2.69812019910440e-03
6.52575041187508e+03	1.39463669643655e-03,-2.68742036342720e-03
6.57114059552253e+03	1.37946504972909e-03,-2.67667696354375e-03
6.61684649286442e+03	1.36441493983293e-03,-2.66589154590560e-03
6.66287029986317e+03	1.34948634096433e-03,-2.65506564642741e-03
6.70921422775529e+03	1.33467920459167e-03,-2.64420079014388e-03
6.75588050315769e+03	1.31999345981791e-03,-2.63329849087991e-03
6.80287136817462e+03	1.30542901376695e-03,-2.62236025093196e-03
6.85018908050538e+03	1.29098575197269e-03,-2.61138756076102e-03
6.89783591355282e+03	1.27666353877140e-03,-2.60038189869706e-03
6.94581415653257e+03	1.26246221769650e-03,-2.58934473065595e-03
6.99412611458300e+03	1.24838161187556e-03,-2.57827750986674e-03
7.04277410887598e+03	1.23442152442910e-03,-2.56718167661085e-03
7.09176047672844e+03	1.22058173887132e-03,-2.55605865797293e-03
7.14108757171458e+03	1.20686201951184e-03,-2.54490986760245e-03
7.19075776377905e+03	1.19326211185848e-03,-2.53373670548656e-03
7.24077343935076e+03	1.17978174302090e-03,-2.52254055773426e-03
7.29113700145753e+03	1.16642062211445e-03,-2.51132279637090e-03
7.34185086984156e+03	1.15317844066445e-03,-2.50008477914442e-03
7.39291748107571e+03	1.14005487301010e-03,-2.48882784934102e-03
7.44433928868052e+03	1.12704957670803e-03,-2.47755333561237e-03
7.49611876324214e+03	1.11416219293540e-03,-2.46626255181258e-03
7.54825839253098e+03	1.10139234689195e-03,-2.45495679684595e-03
7.60076068162127e+03	1.08873964820106e-03,-2.44363735452423e-03
7.65362815301143e+03	1.07620369130945e-03,-2.43230549343448e-03
7.70686334674522e+03	1.06378405588487e-03,-2.42096246681559e-03
7.76046882053379e+03	1.05148030721285e-03,-2.40960951244582e-03
7.81444714987862e+03	1.03929199659077e-03,-2.39824785253885e-03
7.86880092819519e+03	1.02721866172003e-03,-2.38687869364943e-03
7.92353276693761e+03	1.01525982709551e-03,-2.37550322658778e-03
7.97864529572409e+03	1.00341500439303e-03,-2.36412262634347e-03
8.03414116246331e+03	9.91683692853365e-04,-2.35273805201762e-03
8.09002303348157e+03	9.80065379664127e-04,-2.34135064676400e-03
8.14629359365096e+03	9.68559540337633e-04,-2.32996153773810e-03
8.20295554651832e+03	9.57165639086280e-04,-2.31857183605460e-03
8.26001161443517e+03	9.45883129194428e-04,-2.30718263675339e-03
8.31746453868845e+03	9.34711453386057e-04,-2.29579501877197e-03
8.37531707963229e+03	9.23650044189896e-04,-2.28441004492758e-03
8.43357201682056e+03	9.12698324299698e-04,-2.27302876190465e-03
8.49223214914050e+03	9.01855706931361e-04,-2.26165220025138e-03
8.55130029494712e+03	8.91121596175512e-04,-2.25028137438187e-03
8.61077929219866e+03	8.80495387346137e-04,-2.23891728258617e-03
8.67067199859291e+03	8.69976467325188e-04,-2.22756090704651e-03
8.73098129170451e+03	8.59564214902551e-04,-2.21621321386063e-03
8.79171006912324e+03	8.49258001111625e-04,-2.20487515307028e-03
8.85286124859319e+03	8.39057189560637e-04,-2.19354765869740e-03
8.91443776815296e+03	8.28961136759195e-04,-2.18223164878505e-03
8.97644258627685e+03	8.18969192440155e-04,-2.17092802544443e-03
9.03887868201697e+03	8.09080699877050e-04,-2.15963767490809e-03
9.10174905514635e+03	7.99294996196317e-04,-2.14836146758753e-03
9.16505672630311e+03	7.89611412685220e-04,-2.13710025813694e-03
9.22880473713558e+03	7.80029275094461e-04,-2.12585488552126e-03
9.29299615044841e+03	7.70547903936212e-04,-2.11462617308978e-03
9.35763405034975e+03	7.61166614776901e-04,-2.10341492865380e-03
9.42272154239941e+03	7.51884718525340e-04,-2.09222194456936e-03
9.48826175375810e+03	7.42701521715612e-04,-2.08104799782393e-03
9.55425783333761e+03	7.33616326785152e-04,-2.06989385012749e-03
9.62071295195219e+03	7.24628432347407e-04,-2.05876024800748e-03
9.68763030247082e+03	7.15737133459912e-04,-2.04764792290769e-03
9.75501309997064e+03	7.06941721887015e-04,-2.03655759129082e-03
9.82286458189143e+03	6.98241486357584e-04,-2.02548995474476e-03
9.89118800819115e+03	6.89635712817566e-04,-2.01444570009154e-03
9.95998666150254e+03	6.81123684677802e-04,-2.00342549950047e-03
1.00292638472909e+04	6.72704683056237e-04,-1.99243001060360e-03
1.00990228940127e+04	6.64377987015618e-04,-1.98145987661438e-03
1.01692671532760e+04	6.56142873795868e-04,-1.97051572644915e-03
1.02400000000008e+04	6.47998619041355e-04,-1.95959817485081e-03
1.03112248325816e+04	6.39944497023511e-04,-1.94870782251579e-03
1.03829450730507e+04	6.31979780858031e-04,-1.93784525622228e-03
1.04551641672424e+04	6.24103742717454e-04,-1.92701104896185e-03
1.05278855849589e+04	6.16315654038738e-04,-1.91620576007193e-03
1.06011128201365e+04	6.08614785725702e-04,-1.90542993537122e-03
1.06748493910139e+04	6.01000408347050e-04,-1.89468410729639e-03
1.07490988403010e+04	5.93471792329135e-04,-1.88396879504038e-03
1.08238647353493e+04	5.86028208144143e-04,-1.87328450469288e-03
1.08991506683232e+04	5.78668926493566e-04,-1.86263172938143e-03
1.09749602563725e+04	5.71393218486806e-04,-1.85201094941451e-03
1.10512971418062e+04	5.64200355815274e-04,-1.84142263242547e-03
1.11281649922677e+04	5.57089610921784e-04,-1.83086723351765e-03
1.12055675009108e+04	5.50060257165300e-04,-1.82034519541067e-03
1.12835083865773e+04	5.43111568981454e-04,-1.80985694858754e-03
1.13619913939756e+04	5.36242822038148e-04,-1.79940291144222e-03
1.14410202938604e+04	5.29453293387161e-04,-1.78898349042828e-03
1.15205988832143e+04	5.22742261611038e-04,-1.77859908020817e-03
1.16007309854299e+04	5.16109006965998e-04,-1.76825006380281e-03
1.16814204504935e+04	5.09552811520276e-04,-1.75793681274148e-03
1.17626711551705e+04	5.03072959288463e-04,-1.74765968721247e-03
1.18444870031910e+04	4.96668736361580e-04,-1.73741903621343e-03
1.19268719254379e+04	4.90339431033197e-04,-1.72721519770251e-03
1.20098298801354e+04	4.84084333921431e-04,-1.71704849874892e-03
1.20933648530393e+04	4.77902738086889e-04,-1.70691925568399e-03
1.21774808576288e+04	4.71793939146845e-04,-1.69682777425191e-03
1.22621819352988e+04	4.65757235385618e-04,-1.68677434976045e-03
1.23474721555543e+04	4.59791927860929e-04,-1.67675926723153e-03
1.24333556162062e+04	4.53897320506828e-04,-1.66678280155124e-03
1.25198364435677e+04	4.48072720232561e-04,-1.65684521761966e-03
1.26069187926529e+04	4.42317437018255e-04,-1.64694677050064e-03
1.26946068473762e+04	4.36630784006873e-04,-1.63708770557058e-03
1.27829048207535e+04	4.31012077592545e-04,-1.62726825866680e-03
1.28718169551045e+04	4.25460637505755e-04,-1.61748865623562e-03
1.29613475222567e+04	4.19975786895065e-04,-1.60774911547972e-03
1.30515008237502e+04	4.14556852405316e-04,-1.59804984450443e-03
1.31422811910451e+04	4.09203164253146e-04,-1.58839104246412e-03
1.32336929857289e+04	4.03914056298690e-04,-1.57877289970679e-03
1.33257405997264e+04	3.98688866114707e-04,-1.56919559791875e-03
1.34184284555107e+04	3.93526935052284e-04,-1.55965931026791e-03
1.35117610063155e+04	3.88427608303845e-04,-1.55016420154643e-03
1.36057427363493e+04	3.83390234963008e-04,-1.54071042831231e-03
1.37003781610108e+04	3.78414168081823e-04,-1.53129813902998e-03
1.37956718271057e+04	3.73498764724908e-04,-1.52192747421006e-03
1.38916283130652e+04	3.68643386021142e-04,-1.51259856654795e-03
1.39882522291661e+04	3.63847397212360e-04,-1.50331154106127e-03
1.40855482177521e+04	3.59110167699884e-04,-1.49406651522658e-03
1.41835209534570e+04	3.54431071088049e-04,-1.48486359911439e-03
1.42821751434293e+04	3.49809485225385e-04,-1.47570289552364e-03
1.43815155275582e+04	3.45244792243459e-04,-1.46658450011440e-03
1.44815468787016e+04	3.40736378593174e-04,-1.45750850153996e-03
1.45822740029152e+04	3.36283635078733e-04,-1.44847498157723e-03
1.46837017396832e+04	3.31885956889500e-04,-1.43948401525630e-03
1.47858349621515e+04	3.27542743629561e-04,-1.43053567098820e-03
1.48886785773611e+04	3.23253399344928e-04,-1.42163001069203e-03
1.49922375264844e+04	3.19017332548944e-04,-1.41276708992046e-03
1.50965167850621e+04	3.14833956245425e-04,-1.40394695798374e-03
1.52015213632427e+04	3.10702687949768e-04,-1.39516965807281e-03
1.53072563060230e+04	3.06622949708338e-04,-1.38643522738080e-03
1.54137266934905e+04	3.02594168115726e-04,-1.37774369722332e-03
1.55209376410677e+04	2.98615774330140e-04,-1.36909509315728e-03
1.56288942997574e+04	2.94687204087339e-04,-1.36048943509843e-03
1.57376018563905e+04	2.90807897712308e-04,-1.35192673743759e-03
1.58470655338753e+04	2.86977300129575e-04,-1.34340700915536e-03
1.59572905914483e+04	2.83194860871793e-04,-1.33493025393557e-03
1.60682823249267e+04	2.79460034086721e-04,-1.32649647027725e-03
1.61800460669632e+04	2.75772278542661e-04,-1.31810565160534e-03
1.62925871873020e+04	2.72131057632154e-04,-1.30975778637990e-03
1.64059110930368e+04	2.68535839374611e-04,-1.30145285820395e-03
1.65200232288705e+04	2.64986096417120e-04,-1.29319084592981e-03
1.66349290773770e+04	2.61481306034284e-04,-1.28497172376463e-03
1.67506341592647e+04	2.58020950126194e-04,-1.27679546137337e-03
1.68671440336412e+04	2.54604515215496e-04,-1.26866202398165e-03
1.69844642982811e+04	2.51231492443224e-04,-1.26057137247626e-03
1.71026005898944e+04	2.47901377563027e-04,-1.25252346350491e-03
1.72215585843975e+04	2.44613670934686e-04,-1.24451824957424e-03
1.73413439971859e+04	2.41367877516139e-04,-1.23655567914650e-03
1.74619625834092e+04	2.38163506854608e-04,-1.22863569673497e-03
1.75834201382466e+04	2.35000073076457e-04,-1.22075824299800e-03
1.77057224971865e+04	2.31877094876410e-04,-1.21292325483137e-03
1.78288755363061e+04	2.28794095505215e-04,-1.20513066545988e-03
1.79528851725538e+04	2.25750602756851e-04,-1.19738040452696e-03
1.80777573640341e+04	2.22746148954523e-04,-1.18967239818337e-03
1.82034981102928e+04	2.19780270935876e-04,-1.18200656917436e-03
1.83301134526064e+04	2.16852510037331e-04,-1.17438283692557e-03
1.84576094742713e+04	2.13962412077579e-04,-1.16680111762747e-03
1.85859923008970e+04	2.11109527340316e-04,-1.15926132431876e-03
1.87152681006996e+04	2.08293410556197e-04,-1.15176336696811e-03
1.88454430847990e+04	2.05513620884019e-04,-1.14430715255493e-03
1.89765235075163e+04	2.02769721891224e-04,-1.13689258514859e-03
1.91085156666754e+04	2.00061281533829e-04,-1.12951956598660e-03
1.92414259039045e+04	1.97387872135540e-04,-1.12218799355125e-03
1.93752606049418e+04	1.94749070366258e-04,-1.11489776364530e-03
1.95100261999414e+04	1.92144457220260e-04,-1.10764876946596e-03
1.96457291637830e+04	1.89573617993448e-04,-1.10044090167835e-03
1.97823760163825e+04	1.87036142260229e-04,-1.09327404848702e-03
1.99199733230052e+04	1.84531623849945e-04,-1.08614809570656e-03
2.00585276945819e+04	1.82059660822686e-04,-1.07906292683114e-03
2.01980457880256e+04	1.79619855444676e-04,-1.07201842310264e-03
2.03385343065522e+04	1.77211814163290e-04,-1.06501446357765e-03
2.04800000000017e+04	1.74835147581529e-04,-1.05805092519330e-03
2.06224496651633e+04	1.72489470432087e-04,-1.05112768283201e-03
2.07658901461015e+04	1.70174401551276e-04,-1.04424460938513e-03
2.09103283344850e+04	1.67889563852227e-04,-1.03740157581519e-03
2.10557711699180e+04	1.65634584298072e-04,-1.03059845121733e-03
2.12022256402732e+04	1.63409093874573e-04,-1.02383510287942e-03
2.13496987820279e+04	1.61212727562689e-04,-1.01711139634122e-03
2.14981976806022e+04	1.59045124310536e-04,-1.01042719545246e-03
2.16477294706989e+04	1.56905927005545e-04,-1.00378236242963e-03
2.17983013366466e+04	1.54794782445797e-04,-9.97176757912022e-04
2.19499205127451e+04	1.52711341311686e-04,-9.90610241016502e-04
2.21025942836125e+04	1.50655258137034e-04,-9.84082669391513e-04
2.22563299845355e+04	1.48626191280125e-04,-9.77593899269559e-04
2.24111350018218e+04	1.46623802894404e-04,-9.71143785519333e-04
2.25670167731549e+04	1.44647758899479e-04,-9.64732181696354e-04
2.27239827879514e+04	1.42697728951163e-04,-9.58358940092881e-04
2.28820405877210e+04	1.40773386412332e-04,-9.52023911786676e-04
2.30411977664287e+04	1.38874408322862e-04,-9.45726946689124e-04
2.32014619708599e+04	1.37000475370002e-04,-9.39467893592001e-04
2.33628409009873e+04	1.35151271858221e-04,-9.33246600213550e-04
2.35253423103412e+04	1.33326485679330e-04,-9.27062913243816e-04
2.36889740063823e+04	1.31525808282478e-04,-9.20916678388594e-04
2.38537438508760e+04	1.29748934643811e-04,-9.14807740413030e-04
2.40196597602709e+04	1.27995563236321e-04,-9.08735943183895e-04
2.41867297060788e+04	1.26265395999819e-04,-9.02701129711257e-04
2.43549617152578e+04	1.24558138310481e-04,-8.96703142189287e-04
2.45243638705977e+04	1.22873498950528e-04,-8.90741822036151e-04
2.46949443111088e+04	1.21211190078232e-04,-8.84817009932986e-04
2.48667112324127e+04	1.19570927197467e-04,-8.78928545862290e-04
2.50396728871357e+04	1.17952429127460e-04,-8.73076269145317e-04
2.52138375853060e+04	1.16355417972693e-04,-8.67260018478904e-04
2.53892136947526e+04	1.14779619092491e-04,-8.61479631971145e-04
2.55658096415072e+04	1.13224761071237e-04,-8.55734947176674e-04
2.57436339102092e+04	1.11690575687960e-04,-8.50025801131011e-04
2.59226950445135e+04	1.10176797886420e-04,-8.44352030384183e-04
2.61030016475007e+04	1.08683165745171e-04,-8.38713471033680e-04
2.62845623820905e+04	1.07209420447683e-04,-8.33109958756534e-04
2.64673859714581e+04	1.05755306252364e-04,-8.27541328840919e-04
2.66514811994531e+04	1.04320570463080e-04,-8.22007416216833e-04
2.68368569110216e+04	1.02904963399348e-04,-8.16508055486291e-04
2.70235220126312e+04	1.01508238366793e-04,-8.11043080952657e-04
2.72114854726989e+04	1.00130151627909e-04,-8.05612326649439e-04
2.74007563220219e+04	9.87704623724523e-05,-8.00215626368415e-04
2.75913436542117e+04	9.74289326886149e-05,-7.94852813687016e-04
2.77832566261307e+04	9.61053275335436e-05,-7.89523721995277e-04
2.79765044583324e+04	9.47994147046733e-05,-7.84228184521994e-04
2.81710964355044e+04	9.35109648107620e-05,-7.78966034360291e-04
2.83670419069142e+04	9.22397512433393e-05,-7.73737104492678e-04
2.85643502868587e+04	9.09855501480550e-05,-7.68541227815424e-04
2.87630310551166e+04	8.97481403963620e-05,-7.63378237162457e-04
2.89630937574035e+04	8.85273035571063e-05,-7.58247965328558e-04
2.91645480058305e+04	8.73228238687317e-05,-7.53150245092099e-04
2.93674034793667e+04	8.61344882110535e-05,-7.48084909237224e-04
2.95716699243033e+04	8.49620860776147e-05,-7.43051790575415e-04
2.97773571547225e+04	8.38054095481184e-05,-7.38050721966680e-04
2.99844750529690e+04	8.26642532608637e-05,-7.33081536339969e-04
3.01930335701244e+04	8.15384143855847e-05,-7.28144066713362e-04
3.04030427264855e+04	8.04276925962246e-05,-7.23238146213568e-04
3.06145126120462e+04	7.93318900441105e-05,-7.18363608095020e-04
3.08274533869813e+04	7.82508113312097e-05,-7.13520285758390e-04
3.10418752821356e+04	7.71842634833883e-05,-7.08708012768759e-04
3.12577885995150e+04	7.61320559242800e-05,-7.03926622873254e-04
3.14752037127812e+04	7.50940004489228e-05,-6.99175950018123e-04
3.16941310677509e+04	7.40699111976861e-05,-6.94455828365536e-04
3.19145811828968e+04	7.30596046305919e-05,-6.89766092309982e-04
3.21365646498537e+04	7.20628995015827e-05,-6.85106576493879e-04
3.23600921339267e+04	7.10796168330449e-05,-6.80477115823201e-04
3.25851743746043e+04	7.01095798906520e-05,-6.75877545482441e-04
3.28118221860738e+04	6.91526141581950e-05,-6.71307700949108e-04
3.30400464577412e+04	6.82085473127332e-05,-6.66767418008134e-04
3.32698581547543e+04	6.72772091999896e-05,-6.62256532765484e-04
3.35012683185296e+04	6.63584318097927e-05,-6.57774881661693e-04
3.37342880672828e+04	6.54520492518227e-05,-6.53322301484866e-04
3.39689285965625e+04	6.45578977315297e-05,-6.48898629383364e-04
3.42052011797890e+04	6.36758155262488e-05,-6.44503702878085e-04
3.44431171687952e+04	6.28056429615245e-05,-6.40137359874498e-04
3.46826879943722e+04	6.19472223875869e-05,-6.35799438674116e-04
3.49239251668186e+04	6.11003981561967e-05,-6.31489777985880e-04
3.51668402764935e+04	6.02650165973823e-05,-6.27208216936994e-04
3.54114449943733e+04	5.94409259966794e-05,-6.22954595083552e-04
3.56577510726124e+04	5.86279765724260e-05,-6.18728752420834e-04
3.59057703451080e+04	5.78260204532787e-05,-6.14530529393188e-04
3.61555147280684e+04	5.70349116559723e-05,-6.10359766903751e-04
3.64069962205859e+04	5.62545060631298e-05,-6.06216306323713e-04
3.66602269052130e+04	5.54846614015932e-05,-6.02099989501475e-04
3.69152189485429e+04	5.47252372205724e-05,-5.98010658771236e-04
3.71719846017942e+04	5.39760948701935e-05,-5.93948156961623e-04
3.74305362013996e+04	5.32370974803747e-05,-5.89912327403708e-04
3.76908861695982e+04	5.25081099396132e-05,-5.85903013939091e-04
3.79530470150330e+04	5.17889988741074e-05,-5.81920060927427e-04
3.82170313333510e+04	5.10796326272740e-05,-5.77963313253822e-04
3.84828518078094e+04	5.03798812389946e-05,-5.74032616336001e-04
3.87505212098839e+04	4.96896164256513e-05,-5.70127816131113e-04
3.90200523998832e+04	4.90087115597767e-05,-5.66248759142439e-04
3.92914583275663e+04	4.83370416503492e-05,-5.62395292425658e-04
3.95647520327652e+04	4.76744833230992e-05,-5.58567263595125e-04
3.98399466460108e+04	4.70209148009651e-05,-5.54764520829673e-04
4.01170553891641e+04	4.63762158848145e-05,-5.50986912878388e-04
4.03960915760516e+04	4.57402679344190e-05,-5.47234289066001e-04
4.06770686131046e+04	4.51129538494830e-05,-5.43506499298185e-04
4.09600000000037e+04	4.44941580509619e-05,-5.39803394066591e-04
4.12448993303269e+04	4.38837664625205e-05,-5.36124824453656e-04
4.15317802922033e+04	4.32816664922851e-05,-5.32470642137278e-04
4.18206566689704e+04	4.26877470146301e-05,-5.28840699395180e-04
4.21115423398363e+04	4.21018983522590e-05,-5.25234849109172e-04
4.24044512805467e+04	4.15240122584508e-05,-5.21652944769255e-04
4.26993975640562e+04	4.09539818994808e-05,-5.18094840477375e-04
4.29963953612047e+04	4.03917018372422e-05,-5.14560390951203e-04
4.32954589413981e+04	3.98370680120163e-05,-5.11049451527551e-04
4.35966026732936e+04	3.92899777255532e-05,-5.07561878165787e-04
4.38998410254906e+04	3.87503296240929e-05,-5.04097527450919e-04
4.42051885672254e+04	3.82180236818070e-05,-5.00656256596625e-04
4.45126599690714e+04	3.76929611843019e-05,-4.97237923448095e-04
4.48222700036440e+04	3.71750447123222e-05,-4.93842386484678e-04
4.51340335463101e+04	3.66641781256337e-05,-4.90469504822412e-04
4.54479655759031e+04	3.61602665471063e-05,-4.87119138216409e-04
4.57640811754423e+04	3.56632163468790e-05,-4.83791147063039e-04
4.60823955328578e+04	3.51729351268591e-05,-4.80485392402053e-04
4.64029239417202e+04	3.46893317051723e-05,-4.77201735918506e-04
4.67256818019749e+04	3.42123161011274e-05,-4.73940039944516e-04
4.70506846206829e+04	3.37417995199497e-05,-4.70700167461011e-04
4.73779480127649e+04	3.32776943379079e-05,-4.67481982099141e-04
4.77074877017523e+04	3.28199140876463e-05,-4.64285348141840e-04
4.80393195205422e+04	3.23683734435179e-05,-4.61110130525002e-04
4.83734594121580e+04	3.19229882072188e-05,-4.57956194838675e-04
4.87099234305159e+04	3.14836752936605e-05,-4.54823407328059e-04
4.90487277411958e+04	3.10503527165233e-05,-4.51711634894533e-04
4.93898886222181e+04	3.06229395748171e-05,-4.48620745096376e-04
4.97334224648257e+04	3.02013560387517e-05,-4.45550606149514e-04
5.00793457742717e+04	2.97855233362335e-05,-4.42501086928097e-04
5.04276751706124e+04	2.93753637395153e-05,-4.39472056965012e-04
5.07784273895056e+04	2.89708005517833e-05,-4.36463386452273e-04
5.11316192830147e+04	2.85717580940339e-05,-4.33474946241258e-04
5.14872678204188e+04	2.81781616921513e-05,-4.30506607842992e-04
5.18453900890275e+04	2.77899376640080e-05,-4.27558243428175e-04
5.22060032950018e+04	2.74070133067806e-05,-4.24629725827199e-04
5.25691247641814e+04	2.70293168844916e-05,-4.21720928530113e-04
5.29347719429166e+04	2.66567776154823e-05,-4.18831725686380e-04
5.33029623989065e+04	2.62893256603243e-05,-4.15961992104686e-04
5.36737138220435e+04	2.59268921095294e-05,-4.13111603252554e-04
5.40470440252628e+04	2.55694089718564e-05,-4.10280435255946e-04
5.44229709453982e+04	2.52168091622553e-05,-4.07468364898780e-04
5.48015126440442e+04	2.48690264903036e-05,-4.04675269622322e-04
5.51826873084238e+04	2.45259956486541e-05,-4.01901027524555e-04
5.55665132522618e+04	2.41876522016212e-05,-3.99145517359471e-04
5.59530089166653e+04	2.38539325740080e-05,-3.96408618536244e-04
5.63421928710092e+04	2.35247740397698e-05,-3.93690211118404e-04
5.67340838138288e+04	2.32001147113580e-05,-3.90990175822884e-04
5.71287005737179e+04	2.28798935284581e-05,-3.88308394019073e-04
5.75260621102337e+04	2.25640502476450e-05,-3.85644747727690e-04
5.79261875148074e+04	2.22525254315425e-05,-3.82999119619727e-04
5.83290960116615e+04	2.19452604383909e-05,-3.80371393015274e-04
5.87348069587338e+04	2.16421974118031e-05,-3.77761451882214e-04
5.91433398486070e+04	2.13432792704360e-05,-3.75169180835049e-04
5.95547143094455e+04	2.10484496979619e-05,-3.72594465133466e-04
5.99689501059384e+04	2.07576531330355e-05,-3.70037190680969e-04
6.03860671402492e+04	2.04708347596798e-05,-3.67497244023434e-04
6.08060854529716e+04	2.01879404970990e-05,-3.64974512347632e-04
6.12290252240928e+04	1.99089169906150e-05,-3.62468883479647e-04
6.16549067739631e+04	1.96337116017377e-05,-3.59980245883294e-04
6.20837505642718e+04	1.93622723990724e-05,-3.57508488658500e-04
6.25155771990304e+04	1.90945481489044e-05,-3.55053501539630e-04
6.29504074255629e+04	1.88304883062153e-05,-3.52615174893703e-04
6.33882621355023e+04	1.85700430053910e-05,-3.50193399718711e-04
6.38291623657942e+04	1.83131630516993e-05,-3.47788067641771e-04
6.42731292997079e+04	1.80597999121066e-05,-3.45399070917252e-04
6.47201842678540e+04	1.78099057068076e-05,-3.43026302424975e-04
6.51703487492091e+04	1.75634332005266e-05,-3.40669655668219e-04
6.56236443721481e+04	1.73203357941486e-05,-3.38329024771807e-04
6.60800929154829e+04	1.70805675162546e-05,-3.36004304480128e-04
6.65397163095091e+04	1.68440830148535e-05,-3.33695390155084e-04
6.70025366370598e+04	1.66108375493105e-05,-3.31402177774102e-04
6.74685761345660e+04	1.63807869821933e-05,-3.29124563927999e-04
6.79378571931255e+04	1.61538877713130e-05,-3.26862445818877e-04
6.84104023595785e+04	1.59300969619553e-05,-3.24615721258043e-04
6.88862343375909e+04	1.57093721790283e-05,-3.22384288663786e-04
6.93653759887449e+04	1.54916716194308e-05,-3.20168047059201e-04
6.98478503336377e+04	1.52769540444589e-05,-3.17966896069995e-04
7.03336805529875e+04	1.50651787724497e-05,-3.15780735922238e-04
7.08228899887471e+04	1.48563056711791e-05,-3.13609467440111e-04
7.13155021452253e+04	1.46502951508905e-05,-3.11452992043585e-04
7.18115406902165e+04	1.44471081568243e-05,-3.09311211746151e-04
7.23110294561374e+04	1.42467061622361e-05,-3.07184029152515e-04
7.28139924411724e+04	1.40490511614401e-05,-3.05071347456183e-04
7.33204538104265e+04	1.38541056628128e-05,-3.02973070437183e-04
7.38304378970863e+04	1.36618326819871e-05,-3.00889102459590e-04
7.43439692035890e+04	1.34721957351148e-05,-2.98819348469221e-04
7.48610724027997e+04	1.32851588321799e-05,-2.96763713991127e-04
7.53817723391970e+04	1.31006864705398e-05,-2.94722105127274e-04
7.59060940300665e+04	1.29187436282476e-05,-2.92694428553976e-04
7.64340626667026e+04	1.27392957578383e-05,-2.90680591519517e-04
7.69657036156193e+04	1.25623087799016e-05,-2.88680501841651e-04
7.75010424197683e+04	1.23877490768683e-05,-2.86694067905115e-04
7.80401047997669e+04	1.22155834868272e-05,-2.84721198659146e-04
7.85829166551333e+04	1.20457792975463e-05,-2.82761803614942e-04
7.91295040655310e+04	1.18783042403191e-05,-2.80815792843169e-04
7.96798932920221e+04	1.17131264840938e-05,-2.78883076971428e-04
8.02341107783288e+04	1.15502146297994e-05,-2.76963567181694e-04
8.07921831521038e+04	1.13895377042756e-05,-2.75057175207803e-04
8.13541372262099e+04	1.12310651547514e-05,-2.73163813332868e-04
8.19200000000080e+04	1.10747668432449e-05,-2.71283394386709e-04
8.24897986606544e+04	1.09206130409417e-05,-2.69415831743313e-04
8.30635605844073e+04	1.07685744227160e-05,-2.67561039318228e-04
8.36413133379414e+04	1.06186220618206e-05,-2.65718931565986e-04
8.42230846796732e+04	1.04707274244313e-05,-2.63889423477532e-04
8.48089025610939e+04	1.03248623644030e-05,-2.62072430577588e-04
8.53987951281130e+04	1.01809991180744e-05,-2.60267868922093e-04
8.59927907224101e+04	1.00391102992763e-05,-2.58475655095592e-04
8.65909178827967e+04	9.89916889405749e-06,-2.56695706208609e-04
8.71932053465878e+04	9.76114825580475e-06,-2.54927939895054e-04
8.77996820509817e+04	9.62502210028804e-06,-2.53172274309618e-04
8.84103771344513e+04	9.49076450081398e-06,-2.51428628125118e-04
8.90253199381434e+04	9.35834988331216e-06,-2.49696920529947e-04
8.96445400072886e+04	9.22775302183851e-06,-2.47977071225382e-04
9.02680670926208e+04	9.09894903354147e-06,-2.46269000423024e-04
9.08959311518068e+04	8.97191337448709e-06,-2.44572628842145e-04
9.15281623508853e+04	8.84662183463866e-06,-2.42887877707070e-04
9.21647910657163e+04	8.72305053369127e-06,-2.41214668744576e-04
9.28058478834410e+04	8.60117591652277e-06,-2.39552924181256e-04
9.34513636039505e+04	8.48097474875057e-06,-2.37902566740899e-04
9.41013692413664e+04	8.36242411253965e-06,-2.36263519641895e-04
9.47558960255305e+04	8.24550140227073e-06,-2.34635706594564e-04
9.54149754035054e+04	8.13018432029298e-06,-2.33019051798624e-04
9.60786390410850e+04	8.01645087281105e-06,-2.31413479940503e-04
9.67469188243167e+04	7.90427936585000e-06,-2.29818916190774e-04
9.74198468610326e+04	7.79364840108587e-06,-2.28235286201527e-04
9.80974554823924e+04	7.68453687193897e-06,-2.26662516103790e-04
9.87797772444369e+04	7.57692395961368e-06,-2.25100532504886e-04
9.94668449296521e+04	7.47078912921368e-06,-2.23549262485871e-04
1.00000000000000e+05	7.38993069401932e-06,-2.22360136062880e-04
