frequency	V(onoise)
1.000000000000000e+01	1.375960e-09
1.006955550056719e+01	1.373824e-09
1.013959479790029e+01	1.371714e-09
1.021012125707193e+01	1.369629e-09
1.028113826656067e+01	1.367571e-09
1.035264923841378e+01	1.365537e-09
1.042465760841122e+01	1.363529e-09
1.049716683623068e+01	1.361545e-09
1.057018040561381e+01	1.359586e-09
1.064370182453360e+01	1.357651e-09
1.071773462536294e+01	1.355739e-09
1.079228236504428e+01	1.353852e-09
1.086734862526059e+01	1.351988e-09
1.094293701260741e+01	1.350147e-09
1.101905115876612e+01	1.348329e-09
1.109569472067846e+01	1.346533e-09
1.117287138072221e+01	1.344760e-09
1.125058484688811e+01	1.343009e-09
1.132883885295800e+01	1.341280e-09
1.140763715868425e+01	1.339572e-09
1.148698354997036e+01	1.337886e-09
1.156688183905289e+01	1.336221e-09
1.164733586468457e+01	1.334577e-09
1.172834949231880e+01	1.332953e-09
1.180992661429532e+01	1.331350e-09
1.189207115002723e+01	1.329767e-09
1.197478704618931e+01	1.328204e-09
1.205807827690762e+01	1.326661e-09
1.214194884395049e+01	1.325137e-09
1.222640277692071e+01	1.323632e-09
1.231144413344919e+01	1.322147e-09
1.239707699938989e+01	1.320680e-09
1.248330548901614e+01	1.319232e-09
1.257013374521831e+01	1.317802e-09
1.265756593970283e+01	1.316390e-09
1.274560627319265e+01	1.314997e-09
1.283425897562907e+01	1.313621e-09
1.292352830637495e+01	1.312262e-09
1.301341855441937e+01	1.310921e-09
1.310393403858367e+01	1.309597e-09
1.319507910772898e+01	1.308290e-09
1.328685814096515e+01	1.307000e-09
1.337927554786116e+01	1.305726e-09
1.347233576865694e+01	1.304468e-09
1.356604327447676e+01	1.303227e-09
1.366040256754400e+01	1.302001e-09
1.375541818139748e+01	1.300791e-09
1.385109468110929e+01	1.299597e-09
1.394743666350410e+01	1.298418e-09
1.404444875738002e+01	1.297255e-09
1.414213562373100e+01	1.296106e-09
1.424050195597077e+01	1.294972e-09
1.433955248015832e+01	1.293853e-09
1.443929195522501e+01	1.292748e-09
1.453972517320316e+01	1.291658e-09
1.464085695945631e+01	1.290581e-09
1.474269217291107e+01	1.289519e-09
1.484523570629055e+01	1.288470e-09
1.494849248634944e+01	1.287435e-09
1.505246747411073e+01	1.286413e-09
1.515716566510404e+01	1.285405e-09
1.526259208960565e+01	1.284409e-09
1.536875181288019e+01	1.283427e-09
1.547564993542396e+01	1.282457e-09
1.558329159321007e+01	1.281501e-09
1.569168195793509e+01	1.280556e-09
1.580082623726761e+01	1.279624e-09
1.591072967509845e+01	1.278704e-09
1.602139755179252e+01	1.277796e-09
1.613283518444261e+01	1.276900e-09
1.624504792712479e+01	1.276015e-09
1.635804117115570e+01	1.275143e-09
1.647182034535155e+01	1.274281e-09
1.658639091628892e+01	1.273431e-09
1.670175838856748e+01	1.272592e-09
1.681792830507438e+01	1.271764e-09
1.693490624725064e+01	1.270947e-09
1.705269783535923e+01	1.270141e-09
1.717130872875517e+01	1.269345e-09
1.729074462615740e+01	1.268560e-09
1.741101126592258e+01	1.267785e-09
1.753211442632080e+01	1.267020e-09
1.765405992581320e+01	1.266265e-09
1.777685362333151e+01	1.265520e-09
1.790050141855955e+01	1.264786e-09
1.802500925221671e+01	1.264060e-09
1.815038310634333e+01	1.263345e-09
1.827662900458812e+01	1.262639e-09
1.840375301249762e+01	1.261942e-09
1.853176123780754e+01	1.261254e-09
1.866065983073627e+01	1.260576e-09
1.879045498428036e+01	1.259906e-09
1.892115293451204e+01	1.259245e-09
1.905275996087888e+01	1.258593e-09
1.918528238650542e+01	1.257950e-09
1.931872657849705e+01	1.257315e-09
1.945309894824585e+01	1.256689e-09
1.958840595173868e+01	1.256071e-09
1.972465408986733e+01	1.255461e-09
1.986184990874087e+01	1.254859e-09
2.000000000000015e+01	1.254266e-09
2.013911100113453e+01	1.253680e-09
2.027918959580074e+01	1.253102e-09
2.042024251414402e+01	1.252532e-09
2.056227653312149e+01	1.251969e-09
2.070529847682771e+01	1.251414e-09
2.084931521682260e+01	1.250866e-09
2.099433367246152e+01	1.250325e-09
2.114036081122778e+01	1.249792e-09
2.128740364906737e+01	1.249266e-09
2.143546925072604e+01	1.248747e-09
2.158456473008872e+01	1.248234e-09
2.173469725052134e+01	1.247729e-09
2.188587402521497e+01	1.247230e-09
2.203810231753240e+01	1.246738e-09
2.219138944135709e+01	1.246253e-09
2.234574276144459e+01	1.245774e-09
2.250116969377639e+01	1.245302e-09
2.265767770591617e+01	1.244836e-09
2.281527431736868e+01	1.244376e-09
2.297396709994091e+01	1.243922e-09
2.313376367810596e+01	1.243474e-09
2.329467172936933e+01	1.243033e-09
2.345669898463779e+01	1.242597e-09
2.361985322859083e+01	1.242167e-09
2.378414230005464e+01	1.241743e-09
2.394957409237880e+01	1.241325e-09
2.411615655381544e+01	1.240912e-09
2.428389768790117e+01	1.240505e-09
2.445280555384161e+01	1.240103e-09
2.462288826689857e+01	1.239706e-09
2.479415399877998e+01	1.239315e-09
2.496661097803249e+01	1.238930e-09
2.514026749043682e+01	1.238549e-09
2.531513187940586e+01	1.238174e-09
2.549121254638550e+01	1.237803e-09
2.566851795125835e+01	1.237438e-09
2.584705661275011e+01	1.237077e-09
2.602683710883894e+01	1.236722e-09
2.620786807716754e+01	1.236371e-09
2.639015821545817e+01	1.236025e-09
2.657371628193052e+01	1.235684e-09
2.675855109572253e+01	1.235347e-09
2.694467153731410e+01	1.235015e-09
2.713208654895374e+01	1.234687e-09
2.732080513508821e+01	1.234363e-09
2.751083636279518e+01	1.234044e-09
2.770218936221881e+01	1.233730e-09
2.789487332700843e+01	1.233419e-09
2.808889751476027e+01	1.233113e-09
2.828427124746223e+01	1.232811e-09
2.848100391194177e+01	1.232513e-09
2.867910496031688e+01	1.232219e-09
2.887858391045026e+01	1.231929e-09
2.907945034640656e+01	1.231643e-09
2.928171391891286e+01	1.231361e-09
2.948538434582238e+01	1.231083e-09
2.969047141258134e+01	1.230808e-09
2.989698497269913e+01	1.230537e-09
3.010493494822171e+01	1.230270e-09
3.031433133020834e+01	1.230006e-09
3.052518417921156e+01	1.229746e-09
3.073750362576063e+01	1.229490e-09
3.095129987084819e+01	1.229237e-09
3.116658318642039e+01	1.228987e-09
3.138336391587043e+01	1.228741e-09
3.160165247453549e+01	1.228498e-09
3.182145935019716e+01	1.228259e-09
3.204279510358530e+01	1.228022e-09
3.226567036888547e+01	1.227789e-09
3.249009585424984e+01	1.227559e-09
3.271608234231167e+01	1.227333e-09
3.294364069070336e+01	1.227109e-09
3.317278183257811e+01	1.226888e-09
3.340351677713522e+01	1.226671e-09
3.363585661014903e+01	1.226456e-09
3.386981249450155e+01	1.226244e-09
3.410539567071874e+01	1.226035e-09
3.434261745751062e+01	1.225829e-09
3.458148925231508e+01	1.225626e-09
3.482202253184544e+01	1.225425e-09
3.506422885264188e+01	1.225227e-09
3.530811985162668e+01	1.225032e-09
3.555370724666330e+01	1.224840e-09
3.580100283711940e+01	1.224650e-09
3.605001850443372e+01	1.224463e-09
3.630076621268694e+01	1.224278e-09
3.655325800917654e+01	1.224096e-09
3.680750602499553e+01	1.223916e-09
3.706352247561536e+01	1.223739e-09
3.732131966147283e+01	1.223564e-09
3.758090996856102e+01	1.223392e-09
3.784230586902439e+01	1.223222e-09
3.810551992175805e+01	1.223054e-09
3.837056477301114e+01	1.222889e-09
3.863745315699439e+01	1.222725e-09
3.890619789649200e+01	1.222564e-09
3.917681190347766e+01	1.222406e-09
3.944930817973496e+01	1.222249e-09
3.972369981748204e+01	1.222094e-09
4.000000000000060e+01	1.221942e-09
4.027822200226937e+01	1.221792e-09
4.055837919160179e+01	1.221643e-09
4.084048502828836e+01	1.221497e-09
4.112455306624329e+01	1.221353e-09
4.141059695365574e+01	1.221211e-09
4.169863043364550e+01	1.221070e-09
4.198866734492335e+01	1.220932e-09
4.228072162245588e+01	1.220795e-09
4.257480729813507e+01	1.220661e-09
4.287093850145241e+01	1.220528e-09
4.316912946017778e+01	1.220397e-09
4.346939450104302e+01	1.220268e-09
4.377174805043028e+01	1.220140e-09
4.407620463506514e+01	1.220015e-09
4.438277888271452e+01	1.219891e-09
4.469148552288952e+01	1.219768e-09
4.500233938755311e+01	1.219648e-09
4.531535541183268e+01	1.219529e-09
4.563054863473769e+01	1.219411e-09
4.594793419988216e+01	1.219296e-09
4.626752735621226e+01	1.219181e-09
4.658934345873901e+01	1.219069e-09
4.691339796927593e+01	1.218958e-09
4.723970645718201e+01	1.218848e-09
4.756828460010964e+01	1.218740e-09
4.789914818475795e+01	1.218634e-09
4.823231310763124e+01	1.218528e-09
4.856779537580270e+01	1.218425e-09
4.890561110768358e+01	1.218322e-09
4.924577653379750e+01	1.218222e-09
4.958830799756031e+01	1.218122e-09
4.993322195606534e+01	1.218024e-09
5.028053498087401e+01	1.217927e-09
5.063026375881208e+01	1.217832e-09
5.098242509277138e+01	1.217738e-09
5.133703590251707e+01	1.217645e-09
5.169411322550061e+01	1.217553e-09
5.205367421767827e+01	1.217463e-09
5.241573615433547e+01	1.217374e-09
5.278031643091672e+01	1.217286e-09
5.314743256386142e+01	1.217199e-09
5.351710219144545e+01	1.217114e-09
5.388934307462859e+01	1.217030e-09
5.426417309790786e+01	1.216946e-09
5.464161027017682e+01	1.216864e-09
5.502167272559076e+01	1.216784e-09
5.540437872443801e+01	1.216704e-09
5.578974665401725e+01	1.216625e-09
5.617779502952093e+01	1.216547e-09
5.656854249492486e+01	1.216471e-09
5.696200782388394e+01	1.216395e-09
5.735820992063417e+01	1.216321e-09
5.775716782090093e+01	1.216248e-09
5.815890069281352e+01	1.216175e-09
5.856342783782613e+01	1.216104e-09
5.897076869164518e+01	1.216033e-09
5.938094282516310e+01	1.215964e-09
5.979396994539869e+01	1.215895e-09
6.020986989644385e+01	1.215828e-09
6.062866266041709e+01	1.215761e-09
6.105036835842355e+01	1.215695e-09
6.147500725152169e+01	1.215630e-09
6.190259974169680e+01	1.215566e-09
6.233316637284121e+01	1.215503e-09
6.276672783174129e+01	1.215441e-09
6.320330494907142e+01	1.215380e-09
6.364291870039475e+01	1.215319e-09
6.408559020717104e+01	1.215259e-09
6.453134073777139e+01	1.215200e-09
6.498019170850014e+01	1.215142e-09
6.543216468462380e+01	1.215085e-09
6.588728138140718e+01	1.215029e-09
6.634556366515667e+01	1.214973e-09
6.680703355427090e+01	1.214918e-09
6.727171322029854e+01	1.214864e-09
6.773962498900356e+01	1.214810e-09
6.821079134143794e+01	1.214758e-09
6.868523491502172e+01	1.214706e-09
6.916297850463066e+01	1.214654e-09
6.964404506369139e+01	1.214604e-09
7.012845770528429e+01	1.214554e-09
7.061623970325388e+01	1.214505e-09
7.110741449332713e+01	1.214456e-09
7.160200567423932e+01	1.214408e-09
7.210003700886796e+01	1.214361e-09
7.260153242537443e+01	1.214315e-09
7.310651601835362e+01	1.214269e-09
7.361501204999159e+01	1.214223e-09
7.412704495123127e+01	1.214179e-09
7.464263932294621e+01	1.214135e-09
7.516181993712257e+01	1.214091e-09
7.568461173804933e+01	1.214048e-09
7.621103984351666e+01	1.214006e-09
7.674112954602283e+01	1.213964e-09
7.727490631398935e+01	1.213923e-09
7.781239579298456e+01	1.213883e-09
7.835362380695588e+01	1.213843e-09
7.889861635947048e+01	1.213803e-09
7.944739963496464e+01	1.213764e-09
8.000000000000179e+01	1.213726e-09
8.055644400453932e+01	1.213688e-09
8.111675838320416e+01	1.213651e-09
8.168097005657731e+01	1.213614e-09
8.224910613248719e+01	1.213578e-09
8.282119390731208e+01	1.213542e-09
8.339726086729161e+01	1.213507e-09
8.397733468984730e+01	1.213472e-09
8.456144324491237e+01	1.213438e-09
8.514961459627075e+01	1.213404e-09
8.574187700290544e+01	1.213370e-09
8.633825892035618e+01	1.213337e-09
8.693878900208668e+01	1.213305e-09
8.754349610086122e+01	1.213273e-09
8.815240927013093e+01	1.213241e-09
8.876555776542969e+01	1.213210e-09
8.938297104577971e+01	1.213179e-09
9.000467877510688e+01	1.213149e-09
9.063071082366604e+01	1.213119e-09
9.126109726947605e+01	1.213090e-09
9.189586839976498e+01	1.213061e-09
9.253505471242519e+01	1.213032e-09
9.317868691747869e+01	1.213003e-09
9.382679593855255e+01	1.212976e-09
9.447941291436470e+01	1.212948e-09
9.513656920021998e+01	1.212921e-09
9.579829636951661e+01	1.212894e-09
9.646462621526317e+01	1.212868e-09
9.713559075160610e+01	1.212842e-09
9.781122221536786e+01	1.212816e-09
9.849155306759570e+01	1.212791e-09
9.917661599512135e+01	1.212766e-09
9.986644391213140e+01	1.212741e-09
1.005610699617487e+02	1.212717e-09
1.012605275176249e+02	1.212693e-09
1.019648501855435e+02	1.212669e-09
1.026740718050349e+02	1.212646e-09
1.033882264510020e+02	1.212623e-09
1.041073484353573e+02	1.212600e-09
1.048314723086717e+02	1.212578e-09
1.055606328618342e+02	1.212556e-09
1.062948651277236e+02	1.212534e-09
1.070342043828917e+02	1.212513e-09
1.077786861492579e+02	1.212491e-09
1.085283461958165e+02	1.212471e-09
1.092832205403544e+02	1.212450e-09
1.100433454511823e+02	1.212430e-09
1.108087574488768e+02	1.212410e-09
1.115794933080353e+02	1.212390e-09
1.123555900590427e+02	1.212371e-09
1.131370849898505e+02	1.212351e-09
1.139240156477687e+02	1.212332e-09
1.147164198412692e+02	1.212314e-09
1.155143356418027e+02	1.212295e-09
1.163178013856279e+02	1.212277e-09
1.171268556756531e+02	1.212259e-09
1.179415373832912e+02	1.212242e-09
1.187618856503270e+02	1.212224e-09
1.195879398907982e+02	1.212207e-09
1.204197397928886e+02	1.212190e-09
1.212573253208351e+02	1.212173e-09
1.221007367168480e+02	1.212157e-09
1.229500145030443e+02	1.212140e-09
1.238051994833945e+02	1.212124e-09
1.246663327456833e+02	1.212109e-09
1.255334556634835e+02	1.212093e-09
1.264066098981438e+02	1.212078e-09
1.272858374007904e+02	1.212062e-09
1.281711804143430e+02	1.212047e-09
1.290626814755437e+02	1.212033e-09
1.299603834170012e+02	1.212018e-09
1.308643293692486e+02	1.212004e-09
1.317745627628153e+02	1.211990e-09
1.326911273303143e+02	1.211976e-09
1.336140671085428e+02	1.211962e-09
1.345434264405980e+02	1.211948e-09
1.354792499780081e+02	1.211935e-09
1.364215826828768e+02	1.211922e-09
1.373704698300444e+02	1.211909e-09
1.383259570092623e+02	1.211896e-09
1.392880901273838e+02	1.211883e-09
1.402569154105695e+02	1.211871e-09
1.412324794065088e+02	1.211858e-09
1.422148289866552e+02	1.211846e-09
1.432040113484796e+02	1.211834e-09
1.442000740177369e+02	1.211822e-09
1.452030648507499e+02	1.211811e-09
1.462130320367083e+02	1.211799e-09
1.472300240999843e+02	1.211788e-09
1.482540899024636e+02	1.211777e-09
1.492852786458935e+02	1.211766e-09
1.503236398742462e+02	1.211755e-09
1.513692234760997e+02	1.211744e-09
1.524220796870344e+02	1.211733e-09
1.534822590920468e+02	1.211723e-09
1.545498126279798e+02	1.211713e-09
1.556247915859702e+02	1.211703e-09
1.567072476139129e+02	1.211693e-09
1.577972327189421e+02	1.211683e-09
1.588947992699304e+02	1.211673e-09
1.600000000000047e+02	1.211663e-09
1.611128880090798e+02	1.211654e-09
1.622335167664095e+02	1.211645e-09
1.633619401131558e+02	1.211635e-09
1.644982122649756e+02	1.211626e-09
1.656423878146254e+02	1.211617e-09
1.667945217345844e+02	1.211608e-09
1.679546693796958e+02	1.211600e-09
1.691228864898260e+02	1.211591e-09
1.702992291925427e+02	1.211583e-09
1.714837540058121e+02	1.211574e-09
1.726765178407136e+02	1.211566e-09
1.738775780041746e+02	1.211558e-09
1.750869922017237e+02	1.211550e-09
1.763048185402631e+02	1.211542e-09
1.775311155308606e+02	1.211534e-09
1.787659420915607e+02	1.211526e-09
1.800093575502150e+02	1.211519e-09
1.812614216473334e+02	1.211511e-09
1.825221945389534e+02	1.211504e-09
1.837917367995313e+02	1.211497e-09
1.850701094248518e+02	1.211489e-09
1.863573738349587e+02	1.211482e-09
1.876535918771065e+02	1.211475e-09
1.889588258287308e+02	1.211468e-09
1.902731384004413e+02	1.211462e-09
1.915965927390346e+02	1.211455e-09
1.929292524305278e+02	1.211448e-09
1.942711815032137e+02	1.211442e-09
1.956224444307372e+02	1.211436e-09
1.969831061351929e+02	1.211429e-09
1.983532319902442e+02	1.211423e-09
1.997328878242643e+02	1.211417e-09
2.011221399234990e+02	1.211411e-09
2.025210550352513e+02	1.211405e-09
2.039297003710885e+02	1.211399e-09
2.053481436100713e+02	1.211393e-09
2.067764529020055e+02	1.211387e-09
2.082146968707162e+02	1.211381e-09
2.096629446173450e+02	1.211376e-09
2.111212657236700e+02	1.211370e-09
2.125897302554488e+02	1.211365e-09
2.140684087657850e+02	1.211360e-09
2.155573722985176e+02	1.211354e-09
2.170566923916347e+02	1.211349e-09
2.185664410807105e+02	1.211344e-09
2.200866909023663e+02	1.211339e-09
2.216175148977553e+02	1.211334e-09
2.231589866160723e+02	1.211329e-09
2.247111801180871e+02	1.211324e-09
2.262741699797028e+02	1.211319e-09
2.278480312955392e+02	1.211314e-09
2.294328396825401e+02	1.211310e-09
2.310286712836072e+02	1.211305e-09
2.326356027712576e+02	1.211301e-09
2.342537113513080e+02	1.211296e-09
2.358830747665842e+02	1.211292e-09
2.375237713006560e+02	1.211287e-09
2.391758797815983e+02	1.211283e-09
2.408394795857790e+02	1.211279e-09
2.425146506416720e+02	1.211275e-09
2.442014734336979e+02	1.211270e-09
2.459000290060904e+02	1.211266e-09
2.476103989667909e+02	1.211262e-09
2.493326654913686e+02	1.211258e-09
2.510669113269689e+02	1.211255e-09
2.528132197962895e+02	1.211251e-09
2.545716748015828e+02	1.211247e-09
2.563423608286880e+02	1.211243e-09
2.581253629510895e+02	1.211239e-09
2.599207668340045e+02	1.211236e-09
2.617286587384992e+02	1.211232e-09
2.635491255256327e+02	1.211229e-09
2.653822546606307e+02	1.211225e-09
2.672281342170876e+02	1.211222e-09
2.690868528811982e+02	1.211218e-09
2.709584999560183e+02	1.211215e-09
2.728431653657559e+02	1.211212e-09
2.747409396600910e+02	1.211208e-09
2.766519140185267e+02	1.211205e-09
2.785761802547697e+02	1.211202e-09
2.805138308211413e+02	1.211199e-09
2.824649588130197e+02	1.211196e-09
2.844296579733127e+02	1.211193e-09
2.864080226969614e+02	1.211190e-09
2.884001480354760e+02	1.211187e-09
2.904061297015019e+02	1.211184e-09
2.924260640734187e+02	1.211181e-09
2.944600481999707e+02	1.211178e-09
2.965081798049295e+02	1.211175e-09
2.985705572917893e+02	1.211173e-09
3.006472797484948e+02	1.211170e-09
3.027384469522018e+02	1.211167e-09
3.048441593740712e+02	1.211165e-09
3.069645181840959e+02	1.211162e-09
3.090996252559620e+02	1.211159e-09
3.112495831719429e+02	1.211157e-09
3.134144952278282e+02	1.211154e-09
3.155944654378867e+02	1.211152e-09
3.177895985398633e+02	1.211149e-09
3.200000000000119e+02	1.211147e-09
3.222257760181620e+02	1.211145e-09
3.244670335328215e+02	1.211142e-09
3.267238802263141e+02	1.211140e-09
3.289964245299536e+02	1.211138e-09
3.312847756292533e+02	1.211135e-09
3.335890434691714e+02	1.211133e-09
3.359093387593942e+02	1.211131e-09
3.382457729796545e+02	1.211129e-09
3.405984583850881e+02	1.211127e-09
3.429675080116268e+02	1.211125e-09
3.453530356814298e+02	1.211123e-09
3.477551560083518e+02	1.211121e-09
3.501739844034500e+02	1.211119e-09
3.526096370805289e+02	1.211117e-09
3.550622310617240e+02	1.211115e-09
3.575318841831241e+02	1.211113e-09
3.600187151004328e+02	1.211111e-09
3.625228432946695e+02	1.211109e-09
3.650443890779096e+02	1.211107e-09
3.675834735990654e+02	1.211105e-09
3.701402188497063e+02	1.211103e-09
3.727147476699203e+02	1.211102e-09
3.753071837542158e+02	1.211100e-09
3.779176516574644e+02	1.211098e-09
3.805462768008856e+02	1.211096e-09
3.831931854780721e+02	1.211095e-09
3.858585048610584e+02	1.211093e-09
3.885423630064302e+02	1.211092e-09
3.912448888614772e+02	1.211090e-09
3.939662122703887e+02	1.211088e-09
3.967064639804913e+02	1.211087e-09
3.994657756485315e+02	1.211085e-09
4.022442798470009e+02	1.211084e-09
4.050421100705056e+02	1.211082e-09
4.078594007421800e+02	1.211081e-09
4.106962872201456e+02	1.211079e-09
4.135529058040140e+02	1.211078e-09
4.164293937414353e+02	1.211076e-09
4.193258892346930e+02	1.211075e-09
4.222425314473430e+02	1.211074e-09
4.251794605109007e+02	1.211072e-09
4.281368175315730e+02	1.211071e-09
4.311147445970382e+02	1.211070e-09
4.341133847832725e+02	1.211068e-09
4.371328821614242e+02	1.211067e-09
4.401733818047358e+02	1.211066e-09
4.432350297955138e+02	1.211064e-09
4.463179732321478e+02	1.211063e-09
4.494223602361773e+02	1.211062e-09
4.525483399594088e+02	1.211061e-09
4.556960625910815e+02	1.211060e-09
4.588656793650835e+02	1.211058e-09
4.620573425672176e+02	1.211057e-09
4.652712055425184e+02	1.211056e-09
4.685074227026194e+02	1.211055e-09
4.717661495331718e+02	1.211054e-09
4.750475426013153e+02	1.211053e-09
4.783517595632000e+02	1.211052e-09
4.816789591715614e+02	1.211051e-09
4.850293012833475e+02	1.211050e-09
4.884029468673992e+02	1.211048e-09
4.918000580121844e+02	1.211047e-09
4.952207979335853e+02	1.211046e-09
4.986653309827407e+02	1.211045e-09
5.021338226539414e+02	1.211044e-09
5.056264395925825e+02	1.211043e-09
5.091433496031693e+02	1.211043e-09
5.126847216573797e+02	1.211042e-09
5.162507259021826e+02	1.211041e-09
5.198415336680126e+02	1.211040e-09
5.234573174770020e+02	1.211039e-09
5.270982510512690e+02	1.211038e-09
5.307645093212651e+02	1.211037e-09
5.344562684341790e+02	1.211036e-09
5.381737057624001e+02	1.211035e-09
5.419169999120404e+02	1.211034e-09
5.456863307315156e+02	1.211034e-09
5.494818793201858e+02	1.211033e-09
5.533038280370573e+02	1.211032e-09
5.571523605095432e+02	1.211031e-09
5.610276616422864e+02	1.211030e-09
5.649299176260432e+02	1.211030e-09
5.688593159466293e+02	1.211029e-09
5.728160453939270e+02	1.211028e-09
5.768002960709562e+02	1.211028e-09
5.808122594030079e+02	1.211027e-09
5.848521281468416e+02	1.211026e-09
5.889200963999455e+02	1.211025e-09
5.930163596098630e+02	1.211025e-09
5.971411145835826e+02	1.211024e-09
6.012945594969937e+02	1.211023e-09
6.054768939044077e+02	1.211023e-09
6.096883187481465e+02	1.211022e-09
6.139290363681960e+02	1.211021e-09
6.181992505119281e+02	1.211021e-09
6.224991663438899e+02	1.211020e-09
6.268289904556606e+02	1.211019e-09
6.311889308757775e+02	1.211019e-09
6.355791970797309e+02	1.211018e-09
6.400000000000282e+02	1.211017e-09
6.444515520363285e+02	1.211017e-09
6.489340670656474e+02	1.211016e-09
6.534477604526327e+02	1.211016e-09
6.579928490599118e+02	1.211015e-09
6.625695512585111e+02	1.211014e-09
6.671780869383474e+02	1.211014e-09
6.718186775187930e+02	1.211013e-09
6.764915459593137e+02	1.211013e-09
6.811969167701809e+02	1.211012e-09
6.859350160232584e+02	1.211012e-09
6.907060713628645e+02	1.211011e-09
6.955103120167086e+02	1.211011e-09
7.003479688069050e+02	1.211010e-09
7.052192741610628e+02	1.211010e-09
7.101244621234530e+02	1.211009e-09
7.150637683662533e+02	1.211009e-09
7.200374302008707e+02	1.211008e-09
7.250456865893441e+02	1.211008e-09
7.300887781558243e+02	1.211007e-09
7.351669471981359e+02	1.211007e-09
7.402804376994177e+02	1.211006e-09
7.454294953398457e+02	1.211006e-09
7.506143675084368e+02	1.211005e-09
7.558353033149341e+02	1.211005e-09
7.610925536017764e+02	1.211005e-09
7.663863709561496e+02	1.211004e-09
7.717170097221222e+02	1.211004e-09
7.770847260128658e+02	1.211003e-09
7.824897777229600e+02	1.211003e-09
7.879324245407828e+02	1.211002e-09
7.934129279609881e+02	1.211002e-09
7.989315512970686e+02	1.211002e-09
8.044885596940074e+02	1.211001e-09
8.100842201410168e+02	1.211001e-09
8.157188014843657e+02	1.211000e-09
8.213925744402969e+02	1.211000e-09
8.271058116080336e+02	1.211000e-09
8.328587874828764e+02	1.210999e-09
8.386517784693917e+02	1.210999e-09
8.444850628946919e+02	1.210999e-09
8.503589210218073e+02	1.210998e-09
8.562736350631519e+02	1.210998e-09
8.622294891940824e+02	1.210998e-09
8.682267695665510e+02	1.210997e-09
8.742657643228545e+02	1.210997e-09
8.803467636094776e+02	1.210997e-09
8.864700595910339e+02	1.210996e-09
8.926359464643019e+02	1.210996e-09
8.988447204723610e+02	1.210996e-09
9.050966799188241e+02	1.210995e-09
9.113921251821695e+02	1.210995e-09
9.177313587301735e+02	1.210995e-09
9.241146851344419e+02	1.210994e-09
9.305424110850435e+02	1.210994e-09
9.370148454052454e+02	1.210994e-09
9.435322990663503e+02	1.210993e-09
9.500950852026374e+02	1.210993e-09
9.567035191264069e+02	1.210993e-09
9.633579183431298e+02	1.210993e-09
9.700586025667019e+02	1.210992e-09
9.768058937348054e+02	1.210992e-09
9.836001160243759e+02	1.210992e-09
9.904415958671780e+02	1.210991e-09
9.973306619654886e+02	1.210991e-09
1.004267645307890e+03	1.210991e-09
1.011252879185172e+03	1.210991e-09
1.018286699206346e+03	1.210990e-09
1.025369443314767e+03	1.210990e-09
1.032501451804372e+03	1.210990e-09
1.039683067336033e+03	1.210990e-09
1.046914634954011e+03	1.210989e-09
1.054196502102546e+03	1.210989e-09
1.061529018642538e+03	1.210989e-09
1.068912536868366e+03	1.210989e-09
1.076347411524808e+03	1.210988e-09
1.083833999824089e+03	1.210988e-09
1.091372661463039e+03	1.210988e-09
1.098963758640380e+03	1.210988e-09
1.106607656074123e+03	1.210988e-09
1.114304721019095e+03	1.210987e-09
1.122055323284582e+03	1.210987e-09
1.129859835252095e+03	1.210987e-09
1.137718631893267e+03	1.210987e-09
1.145632090787863e+03	1.210986e-09
1.153600592141921e+03	1.210986e-09
1.161624518806025e+03	1.210986e-09
1.169704256293692e+03	1.210986e-09
1.177840192799900e+03	1.210986e-09
1.186032719219735e+03	1.210985e-09
1.194282229167174e+03	1.210985e-09
1.202589118993996e+03	1.210985e-09
1.210953787808825e+03	1.210985e-09
1.219376637496302e+03	1.210985e-09
1.227858072736401e+03	1.210984e-09
1.236398501023866e+03	1.210984e-09
1.244998332687789e+03	1.210984e-09
1.253657980911331e+03	1.210984e-09
1.262377861751565e+03	1.210984e-09
1.271158394159472e+03	1.210984e-09
1.280000000000066e+03	1.210983e-09
1.288903104072667e+03	1.210983e-09
1.297868134131304e+03	1.210983e-09
1.306895520905275e+03	1.210983e-09
1.315985698119833e+03	1.210983e-09
1.325139102517032e+03	1.210982e-09
1.334356173876705e+03	1.210982e-09
1.343637355037596e+03	1.210982e-09
1.352983091918637e+03	1.210982e-09
1.362393833540372e+03	1.210982e-09
1.371870032046527e+03	1.210982e-09
1.381412142725739e+03	1.210981e-09
1.391020624033427e+03	1.210981e-09
1.400695937613820e+03	1.210981e-09
1.410438548322136e+03	1.210981e-09
1.420248924246916e+03	1.210981e-09
1.430127536732517e+03	1.210981e-09
1.440074860401752e+03	1.210981e-09
1.450091373178699e+03	1.210980e-09
1.460177556311660e+03	1.210980e-09
1.470333894396283e+03	1.210980e-09
1.480560875398847e+03	1.210980e-09
1.490858990679703e+03	1.210980e-09
1.501228735016885e+03	1.210980e-09
1.511670606629880e+03	1.210979e-09
1.522185107203564e+03	1.210979e-09
1.532772741912311e+03	1.210979e-09
1.543434019444256e+03	1.210979e-09
1.554169452025744e+03	1.210979e-09
1.564979555445932e+03	1.210979e-09
1.575864849081578e+03	1.210979e-09
1.586825855921988e+03	1.210979e-09
1.597863102594150e+03	1.210978e-09
1.608977119388027e+03	1.210978e-09
1.620168440282046e+03	1.210978e-09
1.631437602968744e+03	1.210978e-09
1.642785148880607e+03	1.210978e-09
1.654211623216080e+03	1.210978e-09
1.665717574965766e+03	1.210978e-09
1.677303556938797e+03	1.210977e-09
1.688970125789397e+03	1.210977e-09
1.700717842043628e+03	1.210977e-09
1.712547270126317e+03	1.210977e-09
1.724458978388178e+03	1.210977e-09
1.736453539133116e+03	1.210977e-09
1.748531528645723e+03	1.210977e-09
1.760693527218969e+03	1.210977e-09
1.772940119182082e+03	1.210976e-09
1.785271892928618e+03	1.210976e-09
1.797689440944736e+03	1.210976e-09
1.810193359837662e+03	1.210976e-09
1.822784250364353e+03	1.210976e-09
1.835462717460361e+03	1.210976e-09
1.848229370268898e+03	1.210976e-09
1.861084822170101e+03	1.210976e-09
1.874029690810505e+03	1.210975e-09
1.887064598132715e+03	1.210975e-09
1.900190170405289e+03	1.210975e-09
1.913407038252828e+03	1.210975e-09
1.926715836686274e+03	1.210975e-09
1.940117205133419e+03	1.210975e-09
1.953611787469626e+03	1.210975e-09
1.967200232048767e+03	1.210975e-09
1.980883191734371e+03	1.210975e-09
1.994661323930992e+03	1.210974e-09
2.008535290615795e+03	1.210974e-09
2.022505758370360e+03	1.210974e-09
2.036573398412707e+03	1.210974e-09
2.050738886629549e+03	1.210974e-09
2.065002903608761e+03	1.210974e-09
2.079366134672081e+03	1.210974e-09
2.093829269908039e+03	1.210974e-09
2.108393004205108e+03	1.210974e-09
2.123058037285092e+03	1.210973e-09
2.137825073736748e+03	1.210973e-09
2.152694823049633e+03	1.210973e-09
2.167667999648194e+03	1.210973e-09
2.182745322926095e+03	1.210973e-09
2.197927517280776e+03	1.210973e-09
2.213215312148262e+03	1.210973e-09
2.228609442038206e+03	1.210973e-09
2.244110646569180e+03	1.210973e-09
2.259719670504207e+03	1.210972e-09
2.275437263786552e+03	1.210972e-09
2.291264181575742e+03	1.210972e-09
2.307201184283860e+03	1.210972e-09
2.323249037612067e+03	1.210972e-09
2.339408512587402e+03	1.210972e-09
2.355680385599818e+03	1.210972e-09
2.372065438439488e+03	1.210972e-09
2.388564458334367e+03	1.210972e-09
2.405178237988011e+03	1.210972e-09
2.421907575617668e+03	1.210971e-09
2.438753274992624e+03	1.210971e-09
2.455716145472822e+03	1.210971e-09
2.472797002047751e+03	1.210971e-09
2.489996665375599e+03	1.210971e-09
2.507315961822682e+03	1.210971e-09
2.524755723503150e+03	1.210971e-09
2.542316788318964e+03	1.210971e-09
2.560000000000153e+03	1.210971e-09
2.577806208145354e+03	1.210970e-09
2.595736268262630e+03	1.210970e-09
2.613791041810571e+03	1.210970e-09
2.631971396239688e+03	1.210970e-09
2.650278205034086e+03	1.210970e-09
2.668712347753431e+03	1.210970e-09
2.687274710075214e+03	1.210970e-09
2.705966183837297e+03	1.210970e-09
2.724787667080766e+03	1.210970e-09
2.743740064093076e+03	1.210970e-09
2.762824285451501e+03	1.210970e-09
2.782041248066877e+03	1.210969e-09
2.801391875227663e+03	1.210969e-09
2.820877096644295e+03	1.210969e-09
2.840497848493856e+03	1.210969e-09
2.860255073465057e+03	1.210969e-09
2.880149720803528e+03	1.210969e-09
2.900182746357421e+03	1.210969e-09
2.920355112623343e+03	1.210969e-09
2.940667788792589e+03	1.210969e-09
2.961121750797717e+03	1.210969e-09
2.981717981359430e+03	1.210968e-09
3.002457470033794e+03	1.210968e-09
3.023341213259784e+03	1.210968e-09
3.044370214407154e+03	1.210968e-09
3.065545483824646e+03	1.210968e-09
3.086868038888537e+03	1.210968e-09
3.108338904051512e+03	1.210968e-09
3.129959110891889e+03	1.210968e-09
3.151729698163181e+03	1.210968e-09
3.173651711844002e+03	1.210968e-09
3.195726205188325e+03	1.210968e-09
3.217954238776081e+03	1.210967e-09
3.240336880564118e+03	1.210967e-09
3.262875205937515e+03	1.210967e-09
3.285570297761240e+03	1.210967e-09
3.308423246432187e+03	1.210967e-09
3.331435149931558e+03	1.210967e-09
3.354607113877620e+03	1.210967e-09
3.377940251578821e+03	1.210967e-09
3.401435684087283e+03	1.210967e-09
3.425094540252662e+03	1.210967e-09
3.448917956776384e+03	1.210967e-09
3.472907078266259e+03	1.210966e-09
3.497063057291473e+03	1.210966e-09
3.521387054437967e+03	1.210966e-09
3.545880238364192e+03	1.210966e-09
3.570543785857264e+03	1.210966e-09
3.595378881889501e+03	1.210966e-09
3.620386719675353e+03	1.210966e-09
3.645568500728735e+03	1.210966e-09
3.670925434920752e+03	1.210966e-09
3.696458740537826e+03	1.210966e-09
3.722169644340232e+03	1.210966e-09
3.748059381621040e+03	1.210965e-09
3.774129196265460e+03	1.210965e-09
3.800380340810609e+03	1.210965e-09
3.826814076505688e+03	1.210965e-09
3.853431673372580e+03	1.210965e-09
3.880234410266869e+03	1.210965e-09
3.907223574939283e+03	1.210965e-09
3.934400464097565e+03	1.210965e-09
3.961766383468774e+03	1.210965e-09
3.989322647862017e+03	1.210965e-09
4.017070581231623e+03	1.210965e-09
4.045011516740753e+03	1.210965e-09
4.073146796825447e+03	1.210965e-09
4.101477773259131e+03	1.210964e-09
4.130005807217555e+03	1.210964e-09
4.158732269344197e+03	1.210964e-09
4.187658539816112e+03	1.210964e-09
4.216786008410249e+03	1.210964e-09
4.246116074570219e+03	1.210964e-09
4.275650147473531e+03	1.210964e-09
4.305389646099300e+03	1.210964e-09
4.335335999296423e+03	1.210964e-09
4.365490645852225e+03	1.210964e-09
4.395855034561588e+03	1.210964e-09
4.426430624296560e+03	1.210964e-09
4.457218884076448e+03	1.210963e-09
4.488221293138395e+03	1.210963e-09
4.519439341008450e+03	1.210963e-09
4.550874527573139e+03	1.210963e-09
4.582528363151521e+03	1.210963e-09
4.614402368567756e+03	1.210963e-09
4.646498075224171e+03	1.210963e-09
4.678817025174841e+03	1.210963e-09
4.711360771199673e+03	1.210963e-09
4.744130876879014e+03	1.210963e-09
4.777128916668772e+03	1.210963e-09
4.810356475976061e+03	1.210963e-09
4.843815151235374e+03	1.210963e-09
4.877506549985285e+03	1.210963e-09
4.911432290945682e+03	1.210962e-09
4.945594004095540e+03	1.210962e-09
4.979993330751236e+03	1.210962e-09
5.014631923645402e+03	1.210962e-09
5.049511447006338e+03	1.210962e-09
5.084633576637966e+03	1.210962e-09
5.120000000000345e+03	1.210962e-09
5.155612416290748e+03	1.210962e-09
5.191472536525300e+03	1.210962e-09
5.227582083621183e+03	1.210962e-09
5.263942792479417e+03	1.210962e-09
5.300556410068212e+03	1.210962e-09
5.337424695506904e+03	1.210962e-09
5.374549420150470e+03	1.210962e-09
5.411932367674636e+03	1.210962e-09
5.449575334161575e+03	1.210961e-09
5.487480128186196e+03	1.210961e-09
5.525648570903045e+03	1.210961e-09
5.564082496133798e+03	1.210961e-09
5.602783750455371e+03	1.210961e-09
5.641754193288634e+03	1.210961e-09
5.680995696987757e+03	1.210961e-09
5.720510146930160e+03	1.210961e-09
5.760299441607101e+03	1.210961e-09
5.800365492714888e+03	1.210961e-09
5.840710225246731e+03	1.210961e-09
5.881335577585224e+03	1.210961e-09
5.922243501595480e+03	1.210961e-09
5.963435962718905e+03	1.210961e-09
6.004914940067634e+03	1.210961e-09
6.046682426519614e+03	1.210961e-09
6.088740428814353e+03	1.210961e-09
6.131090967649339e+03	1.210960e-09
6.173736077777121e+03	1.210960e-09
6.216677808103071e+03	1.210960e-09
6.259918221783825e+03	1.210960e-09
6.303459396326410e+03	1.210960e-09
6.347303423688053e+03	1.210960e-09
6.391452410376698e+03	1.210960e-09
6.435908477552210e+03	1.210960e-09
6.480673761128285e+03	1.210960e-09
6.525750411875078e+03	1.210960e-09
6.571140595522528e+03	1.210960e-09
6.616846492864423e+03	1.210960e-09
6.662870299863166e+03	1.210960e-09
6.709214227755290e+03	1.210960e-09
6.755880503157693e+03	1.210960e-09
6.802871368174618e+03	1.210960e-09
6.850189080505375e+03	1.210960e-09
6.897835913552820e+03	1.210960e-09
6.945814156532570e+03	1.210960e-09
6.994126114582999e+03	1.210960e-09
7.042774108875985e+03	1.210959e-09
7.091760476728436e+03	1.210959e-09
7.141087571714581e+03	1.210959e-09
7.190757763779055e+03	1.210959e-09
7.240773439350760e+03	1.210959e-09
7.291137001457525e+03	1.210959e-09
7.341850869841558e+03	1.210959e-09
7.392917481075706e+03	1.210959e-09
7.444339288680520e+03	1.210959e-09
7.496118763242137e+03	1.210959e-09
7.548258392530977e+03	1.210959e-09
7.600760681621275e+03	1.210959e-09
7.653628153011432e+03	1.210959e-09
7.706863346745215e+03	1.210959e-09
7.760468820533794e+03	1.210959e-09
7.814447149878623e+03	1.210959e-09
7.868800928195188e+03	1.210959e-09
7.923532766937606e+03	1.210959e-09
7.978645295724093e+03	1.210959e-09
8.034141162463307e+03	1.210959e-09
8.090023033481566e+03	1.210959e-09
8.146293593650956e+03	1.210959e-09
8.202955546518324e+03	1.210959e-09
8.260011614435172e+03	1.210959e-09
8.317464538688455e+03	1.210958e-09
8.375317079632287e+03	1.210958e-09
8.433572016820561e+03	1.210958e-09
8.492232149140500e+03	1.210958e-09
8.551300294947125e+03	1.210958e-09
8.610779292198664e+03	1.210958e-09
8.670671998592910e+03	1.210958e-09
8.730981291704515e+03	1.210958e-09
8.791710069123241e+03	1.210958e-09
8.852861248593186e+03	1.210958e-09
8.914437768152962e+03	1.210958e-09
8.976442586276855e+03	1.210958e-09
9.038878682016966e+03	1.210958e-09
9.101749055146345e+03	1.210958e-09
9.165056726303110e+03	1.210958e-09
9.228804737135579e+03	1.210958e-09
9.292996150448409e+03	1.210958e-09
9.357634050349749e+03	1.210958e-09
9.422721542399413e+03	1.210958e-09
9.488261753758095e+03	1.210958e-09
9.554257833337611e+03	1.210958e-09
9.620712951952190e+03	1.210958e-09
9.687630302470816e+03	1.210958e-09
9.755013099970638e+03	1.210958e-09
9.822864581891432e+03	1.210958e-09
9.891188008191149e+03	1.210958e-09
9.959986661502540e+03	1.210958e-09
1.002926384729087e+04	1.210958e-09
1.009902289401275e+04	1.210958e-09
1.016926715327600e+04	1.210958e-09
1.024000000000076e+04	1.210958e-09
1.031122483258157e+04	1.210957e-09
1.038294507305067e+04	1.210957e-09
1.045516416724244e+04	1.210957e-09
1.052788558495891e+04	1.210957e-09
1.060111282013650e+04	1.210957e-09
1.067484939101388e+04	1.210957e-09
1.074909884030101e+04	1.210957e-09
1.082386473534934e+04	1.210957e-09
1.089915066832322e+04	1.210957e-09
1.097496025637246e+04	1.210957e-09
1.105129714180616e+04	1.210957e-09
1.112816499226767e+04	1.210957e-09
1.120556750091081e+04	1.210957e-09
1.128350838657734e+04	1.210957e-09
1.136199139397559e+04	1.210957e-09
1.144102029386039e+04	1.210957e-09
1.152059888321428e+04	1.210957e-09
1.160073098542985e+04	1.210957e-09
1.168142045049354e+04	1.210957e-09
1.176267115517053e+04	1.210957e-09
1.184448700319104e+04	1.210957e-09
1.192687192543789e+04	1.210957e-09
1.200982988013535e+04	1.210957e-09
1.209336485303931e+04	1.210957e-09
1.217748085762879e+04	1.210957e-09
1.226218193529876e+04	1.210957e-09
1.234747215555433e+04	1.210957e-09
1.243335561620623e+04	1.210957e-09
1.251983644356774e+04	1.210957e-09
1.260691879265291e+04	1.210957e-09
1.269460684737619e+04	1.210957e-09
1.278290482075349e+04	1.210957e-09
1.287181695510451e+04	1.210957e-09
1.296134752225666e+04	1.210957e-09
1.305150082375025e+04	1.210957e-09
1.314228119104515e+04	1.210957e-09
1.323369298572894e+04	1.210957e-09
1.332574059972643e+04	1.210957e-09
1.341842845551068e+04	1.210957e-09
1.351176100631548e+04	1.210957e-09
1.360574273634933e+04	1.210957e-09
1.370037816101085e+04	1.210957e-09
1.379567182710574e+04	1.210957e-09
1.389162831306524e+04	1.210957e-09
1.398825222916610e+04	1.210957e-09
1.408554821775207e+04	1.210957e-09
1.418352095345697e+04	1.210957e-09
1.428217514342926e+04	1.210957e-09
1.438151552755821e+04	1.210957e-09
1.448154687870162e+04	1.210957e-09
1.458227400291515e+04	1.210957e-09
1.468370173968322e+04	1.210956e-09
1.478583496215152e+04	1.210956e-09
1.488867857736114e+04	1.210956e-09
1.499223752648438e+04	1.210956e-09
1.509651678506206e+04	1.210956e-09
1.520152136324265e+04	1.210956e-09
1.530725630602297e+04	1.210956e-09
1.541372669349054e+04	1.210956e-09
1.552093764106770e+04	1.210956e-09
1.562889429975736e+04	1.210956e-09
1.573760185639049e+04	1.210956e-09
1.584706553387532e+04	1.210956e-09
1.595729059144830e+04	1.210956e-09
1.606828232492673e+04	1.210956e-09
1.618004606696324e+04	1.210956e-09
1.629258718730203e+04	1.210956e-09
1.640591109303676e+04	1.210956e-09
1.652002322887046e+04	1.210956e-09
1.663492907737703e+04	1.210956e-09
1.675063415926469e+04	1.210956e-09
1.686714403364124e+04	1.210956e-09
1.698446429828112e+04	1.210956e-09
1.710260058989437e+04	1.210956e-09
1.722155858439745e+04	1.210956e-09
1.734134399718594e+04	1.210956e-09
1.746196258340915e+04	1.210956e-09
1.758342013824661e+04	1.210956e-09
1.770572249718650e+04	1.210956e-09
1.782887553630606e+04	1.210956e-09
1.795288517255385e+04	1.210956e-09
1.807775736403407e+04	1.210956e-09
1.820349811029283e+04	1.210956e-09
1.833011345260636e+04	1.210956e-09
1.845760947427130e+04	1.210956e-09
1.858599230089697e+04	1.210956e-09
1.871526810069965e+04	1.210956e-09
1.884544308479898e+04	1.210956e-09
1.897652350751634e+04	1.210956e-09
1.910851566667537e+04	1.210956e-09
1.924142590390453e+04	1.210956e-09
1.937526060494178e+04	1.210956e-09
1.951002619994143e+04	1.210956e-09
1.964572916378302e+04	1.210956e-09
1.978237601638245e+04	1.210956e-09
1.991997332300523e+04	1.210956e-09
2.005852769458190e+04	1.210956e-09
2.019804578802565e+04	1.210956e-09
2.033853430655216e+04	1.210956e-09
2.048000000000168e+04	1.210956e-09
2.062244966516329e+04	1.210956e-09
2.076589014610150e+04	1.210956e-09
2.091032833448504e+04	1.210956e-09
2.105577116991797e+04	1.210956e-09
2.120222564027316e+04	1.210956e-09
2.134969878202793e+04	1.210956e-09
2.149819768060219e+04	1.210956e-09
2.164772947069886e+04	1.210956e-09
2.179830133664661e+04	1.210956e-09
2.194992051274510e+04	1.210956e-09
2.210259428361250e+04	1.210956e-09
2.225632998453551e+04	1.210956e-09
2.241113500182180e+04	1.210956e-09
2.256701677315486e+04	1.210956e-09
2.272398278795135e+04	1.210956e-09
2.288204058772097e+04	1.210956e-09
2.304119776642873e+04	1.210956e-09
2.320146197085989e+04	1.210956e-09
2.336284090098726e+04	1.210956e-09
2.352534231034124e+04	1.210956e-09
2.368897400638226e+04	1.210956e-09
2.385374385087597e+04	1.210956e-09
2.401965976027089e+04	1.210956e-09
2.418672970607881e+04	1.210956e-09
2.435496171525777e+04	1.210956e-09
2.452436387059772e+04	1.210956e-09
2.469494431110885e+04	1.210956e-09
2.486671123241265e+04	1.210956e-09
2.503967288713567e+04	1.210956e-09
2.521383758530601e+04	1.210956e-09
2.538921369475259e+04	1.210956e-09
2.556580964150717e+04	1.210956e-09
2.574363391020922e+04	1.210956e-09
2.592269504451353e+04	1.210956e-09
2.610300164750070e+04	1.210956e-09
2.628456238209051e+04	1.210956e-09
2.646738597145809e+04	1.210956e-09
2.665148119945306e+04	1.210956e-09
2.683685691102156e+04	1.210956e-09
2.702352201263117e+04	1.210956e-09
2.721148547269887e+04	1.210956e-09
2.740075632202191e+04	1.210956e-09
2.759134365421169e+04	1.210956e-09
2.778325662613069e+04	1.210956e-09
2.797650445833241e+04	1.210956e-09
2.817109643550436e+04	1.210956e-09
2.836704190691416e+04	1.210956e-09
2.856435028685875e+04	1.210956e-09
2.876303105511665e+04	1.210956e-09
2.896309375740347e+04	1.210956e-09
2.916454800583053e+04	1.210956e-09
2.936740347936667e+04	1.210956e-09
2.957166992430326e+04	1.210956e-09
2.977735715472252e+04	1.210956e-09
2.998447505296899e+04	1.210956e-09
3.019303357012436e+04	1.210956e-09
3.040304272648555e+04	1.210956e-09
3.061451261204618e+04	1.210956e-09
3.082745338698132e+04	1.210956e-09
3.104187528213564e+04	1.210956e-09
3.125778859951496e+04	1.210956e-09
3.147520371278122e+04	1.210956e-09
3.169413106775089e+04	1.210956e-09
3.191458118289684e+04	1.210956e-09
3.213656464985370e+04	1.210956e-09
3.236009213392674e+04	1.210956e-09
3.258517437460431e+04	1.210956e-09
3.281182218607378e+04	1.210956e-09
3.304004645774118e+04	1.210956e-09
3.326985815475431e+04	1.210956e-09
3.350126831852965e+04	1.210956e-09
3.373428806728275e+04	1.210956e-09
3.396892859656251e+04	1.210956e-09
3.420520117978901e+04	1.210956e-09
3.444311716879517e+04	1.210956e-09
3.468268799437216e+04	1.210956e-09
3.492392516681858e+04	1.210956e-09
3.516684027649349e+04	1.210956e-09
3.541144499437328e+04	1.210956e-09
3.565775107261239e+04	1.210956e-09
3.590577034510797e+04	1.210956e-09
3.615551472806842e+04	1.210956e-09
3.640699622058593e+04	1.210956e-09
3.666022690521299e+04	1.210956e-09
3.691521894854288e+04	1.210956e-09
3.717198460179420e+04	1.210956e-09
3.743053620139957e+04	1.210956e-09
3.769088616959823e+04	1.210956e-09
3.795304701503297e+04	1.210956e-09
3.821703133335103e+04	1.210956e-09
3.848285180780935e+04	1.210956e-09
3.875052120988387e+04	1.210956e-09
3.902005239988316e+04	1.210956e-09
3.929145832756635e+04	1.210956e-09
3.956475203276522e+04	1.210956e-09
3.983994664601079e+04	1.210956e-09
4.011705538916412e+04	1.210956e-09
4.039609157605162e+04	1.210956e-09
4.067706861310465e+04	1.210956e-09
4.096000000000368e+04	1.210956e-09
4.124489933032692e+04	1.210956e-09
4.153178029220334e+04	1.210956e-09
4.182065666897041e+04	1.210956e-09
4.211154233983628e+04	1.210956e-09
4.240445128054665e+04	1.210956e-09
4.269939756405619e+04	1.210956e-09
4.299639536120473e+04	1.210956e-09
4.329545894139806e+04	1.210956e-09
4.359660267329358e+04	1.210956e-09
4.389984102549055e+04	1.210956e-09
4.420518856722536e+04	1.210956e-09
4.451265996907139e+04	1.210956e-09
4.482227000364398e+04	1.210956e-09
4.513403354631009e+04	1.210956e-09
4.544796557590308e+04	1.210956e-09
4.576408117544231e+04	1.210955e-09
4.608239553285784e+04	1.210955e-09
4.640292394172015e+04	1.210955e-09
4.672568180197490e+04	1.210955e-09
4.705068462068286e+04	1.210955e-09
4.737794801276491e+04	1.210955e-09
4.770748770175232e+04	1.210955e-09
4.803931952054216e+04	1.210955e-09
4.837345941215800e+04	1.210955e-09
4.870992343051593e+04	1.210955e-09
4.904872774119582e+04	1.210955e-09
4.938988862221808e+04	1.210955e-09
4.973342246482569e+04	1.210955e-09
5.007934577427173e+04	1.210955e-09
5.042767517061241e+04	1.210955e-09
5.077842738950557e+04	1.210955e-09
5.113161928301474e+04	1.210955e-09
5.148726782041884e+04	1.210955e-09
5.184539008902745e+04	1.210955e-09
5.220600329500180e+04	1.210955e-09
5.256912476418142e+04	1.210955e-09
5.293477194291658e+04	1.210955e-09
5.330296239890654e+04	1.210955e-09
5.367371382204354e+04	1.210955e-09
5.404704402526277e+04	1.210955e-09
5.442297094539817e+04	1.210955e-09
5.480151264404425e+04	1.210955e-09
5.518268730842381e+04	1.210955e-09
5.556651325226182e+04	1.210955e-09
5.595300891666525e+04	1.210955e-09
5.634219287100916e+04	1.210955e-09
5.673408381382877e+04	1.210955e-09
5.712870057371794e+04	1.210955e-09
5.752606211023374e+04	1.210955e-09
5.792618751480739e+04	1.210955e-09
5.832909601166152e+04	1.210955e-09
5.873480695873379e+04	1.210955e-09
5.914333984860699e+04	1.210955e-09
5.955471430944551e+04	1.210955e-09
5.996895010593845e+04	1.210955e-09
6.038606714024918e+04	1.210955e-09
6.080608545297157e+04	1.210955e-09
6.122902522409285e+04	1.210955e-09
6.165490677396313e+04	1.210955e-09
6.208375056427177e+04	1.210955e-09
6.251557719903041e+04	1.210955e-09
6.295040742556294e+04	1.210955e-09
6.338826213550229e+04	1.210955e-09
6.382916236579420e+04	1.210955e-09
6.427312929970791e+04	1.210955e-09
6.472018426785400e+04	1.210955e-09
6.517034874920913e+04	1.210955e-09
6.562364437214808e+04	1.210955e-09
6.608009291548286e+04	1.210955e-09
6.653971630950914e+04	1.210955e-09
6.700253663705981e+04	1.210955e-09
6.746857613456601e+04	1.210955e-09
6.793785719312554e+04	1.210955e-09
6.841040235957854e+04	1.210955e-09
6.888623433759087e+04	1.210955e-09
6.936537598874485e+04	1.210955e-09
6.984785033363769e+04	1.210955e-09
7.033368055298751e+04	1.210955e-09
7.082288998874709e+04	1.210955e-09
7.131550214522531e+04	1.210955e-09
7.181154069021647e+04	1.210955e-09
7.231102945613737e+04	1.210955e-09
7.281399244117241e+04	1.210955e-09
7.332045381042654e+04	1.210955e-09
7.383043789708630e+04	1.210955e-09
7.434396920358896e+04	1.210955e-09
7.486107240279969e+04	1.210955e-09
7.538177233919702e+04	1.210955e-09
7.590609403006650e+04	1.210955e-09
7.643406266670264e+04	1.210955e-09
7.696570361561928e+04	1.210955e-09
7.750104241976830e+04	1.210955e-09
7.804010479976689e+04	1.210955e-09
7.858291665513326e+04	1.210955e-09
7.912950406553100e+04	1.210955e-09
7.967989329202214e+04	1.210955e-09
8.023411077832882e+04	1.210955e-09
8.079218315210381e+04	1.210955e-09
8.135413722620987e+04	1.210955e-09
8.192000000000796e+04	1.210955e-09
8.248979866065443e+04	1.210955e-09
8.306356058440727e+04	1.210955e-09
8.364131333794142e+04	1.210955e-09
8.422308467967318e+04	1.210955e-09
8.480890256109391e+04	1.210955e-09
8.539879512811299e+04	1.210955e-09
8.599279072241006e+04	1.210955e-09
8.659091788279674e+04	1.210955e-09
8.719320534658777e+04	1.210955e-09
8.779968205098173e+04	1.210955e-09
8.841037713445134e+04	1.210955e-09
8.902531993814341e+04	1.210955e-09
8.964454000728858e+04	1.210955e-09
9.026806709262081e+04	1.210955e-09
9.089593115180680e+04	1.210955e-09
9.152816235088526e+04	1.210955e-09
9.216479106571634e+04	1.210955e-09
9.280584788344098e+04	1.210955e-09
9.345136360395049e+04	1.210955e-09
9.410136924136641e+04	1.210955e-09
9.475589602553053e+04	1.210955e-09
9.541497540350536e+04	1.210955e-09
9.607863904108504e+04	1.210955e-09
9.674691882431673e+04	1.210955e-09
9.741984686103258e+04	1.210955e-09
9.809745548239238e+04	1.210955e-09
9.877977724443692e+04	1.210955e-09
9.946684492965214e+04	1.210955e-09
1.000000000000000e+05	1.210955e-09
