Freq.	-V(out)/I(Vtest)
1.00000000000000e+01	1.25611739304955e+02,-1.58795510461694e+03
1.00695555005672e+01	1.25264233017318e+02,-1.57699178486026e+03
1.01395947979003e+01	1.24921508582863e+02,-1.56610408140322e+03
1.02101212570719e+01	1.24583500233148e+02,-1.55529147424776e+03
1.02811382665607e+01	1.24250143103415e+02,-1.54455344693996e+03
1.03526492384138e+01	1.23921373220199e+02,-1.53388948654658e+03
1.04246576084112e+01	1.23597127489099e+02,-1.52329908363162e+03
1.04971668362307e+01	1.23277343682728e+02,-1.51278173223320e+03
1.05701804056138e+01	1.22961960428818e+02,-1.50233692984042e+03
1.06437018245336e+01	1.22650917198488e+02,-1.49196417737043e+03
1.07177346253629e+01	1.22344154294677e+02,-1.48166297914567e+03
1.07922823650443e+01	1.22041612840737e+02,-1.47143284287120e+03
1.08673486252606e+01	1.21743234769176e+02,-1.46127327961214e+03
1.09429370126074e+01	1.21448962810550e+02,-1.45118380377138e+03
1.10190511587661e+01	1.21158740482520e+02,-1.44116393306723e+03
1.10956947206785e+01	1.20872512079053e+02,-1.43121318851141e+03
1.11728713807222e+01	1.20590222659768e+02,-1.42133109438704e+03
1.12505848468881e+01	1.20311818039434e+02,-1.41151717822680e+03
1.13288388529580e+01	1.20037244777594e+02,-1.40177097079124e+03
1.14076371586842e+01	1.19766450168363e+02,-1.39209200604723e+03
1.14869835499704e+01	1.19499382230333e+02,-1.38247982114653e+03
1.15668818390529e+01	1.19235989696637e+02,-1.37293395640447e+03
1.16473358646846e+01	1.18976222005139e+02,-1.36345395527882e+03
1.17283494923188e+01	1.18720029288757e+02,-1.35403936434872e+03
1.18099266142953e+01	1.18467362365933e+02,-1.34468973329382e+03
1.18920711500272e+01	1.18218172731216e+02,-1.33540461487349e+03
1.19747870461893e+01	1.17972412545982e+02,-1.32618356490619e+03
1.20580782769076e+01	1.17730034629274e+02,-1.31702614224894e+03
1.21419488439505e+01	1.17490992448787e+02,-1.30793190877697e+03
1.22264027769207e+01	1.17255240111954e+02,-1.29890042936345e+03
1.23114441334492e+01	1.17022732357158e+02,-1.28993127185938e+03
1.23970769993899e+01	1.16793424545081e+02,-1.28102400707355e+03
1.24833054890161e+01	1.16567272650147e+02,-1.27217820875274e+03
1.25701337452183e+01	1.16344233252106e+02,-1.26339345356190e+03
1.26575659397028e+01	1.16124263527715e+02,-1.25466932106460e+03
1.27456062731927e+01	1.15907321242538e+02,-1.24600539370348e+03
1.28342589756291e+01	1.15693364742872e+02,-1.23740125678090e+03
1.29235283063750e+01	1.15482352947756e+02,-1.22885649843969e+03
1.30134185544194e+01	1.15274245341115e+02,-1.22037070964403e+03
1.31039340385837e+01	1.15069001964003e+02,-1.21194348416043e+03
1.31950791077290e+01	1.14866583406945e+02,-1.20357441853887e+03
1.32868581409652e+01	1.14666950802393e+02,-1.19526311209401e+03
1.33792755478612e+01	1.14470065817284e+02,-1.18700916688658e+03
1.34723357686569e+01	1.14275890645696e+02,-1.17881218770482e+03
1.35660432744768e+01	1.14084388001609e+02,-1.17067178204612e+03
1.36604025675440e+01	1.13895521111765e+02,-1.16258756009870e+03
1.37554181813975e+01	1.13709253708611e+02,-1.15455913472344e+03
1.38510946811093e+01	1.13525550023377e+02,-1.14658612143587e+03
1.39474366635041e+01	1.13344374779203e+02,-1.13866813838818e+03
1.40444487573800e+01	1.13165693184383e+02,-1.13080480635145e+03
1.41421356237310e+01	1.12989470925711e+02,-1.12299574869791e+03
1.42405019559708e+01	1.12815674161896e+02,-1.11524059138337e+03
1.43395524801583e+01	1.12644269517084e+02,-1.10753896292973e+03
1.44392919552250e+01	1.12475224074461e+02,-1.09989049440762e+03
1.45397251732032e+01	1.12308505369943e+02,-1.09229481941918e+03
1.46408569594563e+01	1.12144081385962e+02,-1.08475157408086e+03
1.47426921729111e+01	1.11981920545324e+02,-1.07726039700646e+03
1.48452357062905e+01	1.11821991705160e+02,-1.06982092929015e+03
1.49484924863494e+01	1.11664264150958e+02,-1.06243281448971e+03
1.50524674741107e+01	1.11508707590679e+02,-1.05509569860982e+03
1.51571656651040e+01	1.11355292148942e+02,-1.04780923008545e+03
1.52625920896057e+01	1.11203988361314e+02,-1.04057305976542e+03
1.53687518128802e+01	1.11054767168646e+02,-1.03338684089600e+03
1.54756499354240e+01	1.10907599911508e+02,-1.02625022910461e+03
1.55832915932101e+01	1.10762458324706e+02,-1.01916288238375e+03
1.56916819579351e+01	1.10619314531845e+02,-1.01212446107487e+03
1.58008262372676e+01	1.10478141040004e+02,-1.00513462785244e+03
1.59107296750984e+01	1.10338910734448e+02,-9.98193047708108e+02
1.60213975517925e+01	1.10201596873445e+02,-9.91299387934980e+02
1.61328351844426e+01	1.10066173083130e+02,-9.84453318111950e+02
1.62450479271248e+01	1.09932613352448e+02,-9.77654510088181e+02
1.63580411711557e+01	1.09800892028173e+02,-9.70902637967673e+02
1.64718203453515e+01	1.09670983809985e+02,-9.64197378093928e+02
1.65863909162889e+01	1.09542863745619e+02,-9.57538409034721e+02
1.67017583885675e+01	1.09416507226077e+02,-9.50925411566972e+02
1.68179283050744e+01	1.09291889980920e+02,-9.44358068661712e+02
1.69349062472506e+01	1.09168988073602e+02,-9.37836065469155e+02
1.70526978353592e+01	1.09047777896884e+02,-9.31359089303864e+02
1.71713087287552e+01	1.08928236168314e+02,-9.24926829630014e+02
1.72907446261574e+01	1.08810339925746e+02,-9.18538978046761e+02
1.74110112659226e+01	1.08694066522950e+02,-9.12195228273694e+02
1.75321144263208e+01	1.08579393625265e+02,-9.05895276136396e+02
1.76540599258132e+01	1.08466299205308e+02,-8.99638819552091e+02
1.77768536233315e+01	1.08354761538763e+02,-8.93425558515394e+02
1.79005014185596e+01	1.08244759200199e+02,-8.87255195084148e+02
1.80250092522167e+01	1.08136271058975e+02,-8.81127433365363e+02
1.81503831063433e+01	1.08029276275175e+02,-8.75041979501240e+02
1.82766290045881e+01	1.07923754295615e+02,-8.68998541655292e+02
1.84037530124976e+01	1.07819684849900e+02,-8.62996829998560e+02
1.85317612378075e+01	1.07717047946539e+02,-8.57036556695914e+02
1.86606598307363e+01	1.07615823869102e+02,-8.51117435892450e+02
1.87904549842804e+01	1.07515993172445e+02,-8.45239183699977e+02
1.89211529345120e+01	1.07417536678978e+02,-8.39401518183591e+02
1.90527599608789e+01	1.07320435474978e+02,-8.33604159348341e+02
1.91852823865054e+01	1.07224670906973e+02,-8.27846829125986e+02
1.93187265784970e+01	1.07130224578155e+02,-8.22129251361834e+02
1.94530989482458e+01	1.07037078344851e+02,-8.16451151801672e+02
1.95884059517387e+01	1.06945214313045e+02,-8.10812258078790e+02
1.97246540898673e+01	1.06854614834939e+02,-8.05212299701077e+02
1.98618499087409e+01	1.06765262505573e+02,-7.99651008038218e+02
2.00000000000001e+01	1.06677140159482e+02,-7.94128116308964e+02
2.01391110011345e+01	1.06590230867402e+02,-7.88643359568499e+02
2.02791895958007e+01	1.06504517933022e+02,-7.83196474695884e+02
2.04202425141440e+01	1.06419984889781e+02,-7.77787200381584e+02
2.05622765331215e+01	1.06336615497708e+02,-7.72415277115085e+02
2.07052984768277e+01	1.06254393740302e+02,-7.67080447172587e+02
2.08493152168226e+01	1.06173303821465e+02,-7.61782454604786e+02
2.09943336724615e+01	1.06093330162463e+02,-7.56521045224732e+02
2.11403608112278e+01	1.06014457398942e+02,-7.51295966595771e+02
2.12874036490674e+01	1.05936670377974e+02,-7.46106968019571e+02
2.14354692507260e+01	1.05859954155159e+02,-7.40953800524222e+02
2.15845647300887e+01	1.05784293991740e+02,-7.35836216852421e+02
2.17346972505213e+01	1.05709675351796e+02,-7.30753971449735e+02
2.18858740252150e+01	1.05636083899429e+02,-7.25706820452940e+02
2.20381023175324e+01	1.05563505496028e+02,-7.20694521678444e+02
2.21913894413571e+01	1.05491926197552e+02,-7.15716834610784e+02
2.23457427614446e+01	1.05421332251854e+02,-7.10773520391202e+02
2.25011696937764e+01	1.05351710096032e+02,-7.05864341806292e+02
2.26576777059162e+01	1.05283046353841e+02,-7.00989063276737e+02
2.28152743173687e+01	1.05215327833112e+02,-6.96147450846106e+02
2.29739670999409e+01	1.05148541523232e+02,-6.91339272169739e+02
2.31337636781060e+01	1.05082674592634e+02,-6.86564296503699e+02
2.32946717293693e+01	1.05017714386343e+02,-6.81822294693802e+02
2.34566989846378e+01	1.04953648423539e+02,-6.77113039164722e+02
2.36198532285908e+01	1.04890464395173e+02,-6.72436303909164e+02
2.37841423000546e+01	1.04828150161588e+02,-6.67791864477120e+02
2.39495740923788e+01	1.04766693750203e+02,-6.63179497965185e+02
2.41161565538154e+01	1.04706083353208e+02,-6.58598983005955e+02
2.42838976879012e+01	1.04646307325293e+02,-6.54050099757495e+02
2.44528055538416e+01	1.04587354181423e+02,-6.49532629892872e+02
2.46228882668986e+01	1.04529212594623e+02,-6.45046356589768e+02
2.47941539987800e+01	1.04471871393808e+02,-6.40591064520155e+02
2.49666109780325e+01	1.04415319561642e+02,-6.36166539840045e+02
2.51402674904368e+01	1.04359546232411e+02,-6.31772570179307e+02
2.53151318794059e+01	1.04304540689948e+02,-6.27408944631553e+02
2.54912125463855e+01	1.04250292365573e+02,-6.23075453744097e+02
2.56685179512583e+01	1.04196790836060e+02,-6.18771889507972e+02
2.58470566127501e+01	1.04144025821640e+02,-6.14498045348026e+02
2.60268371088389e+01	1.04091987184026e+02,-6.10253716113078e+02
2.62078680771675e+01	1.04040664924463e+02,-6.06038698066139e+02
2.63901582154582e+01	1.03990049181814e+02,-6.01852788874710e+02
2.65737162819305e+01	1.03940130230662e+02,-5.97695787601133e+02
2.67585510957225e+01	1.03890898479442e+02,-5.93567494693016e+02
2.69446715373141e+01	1.03842344468605e+02,-5.89467711973718e+02
2.71320865489537e+01	1.03794458868796e+02,-5.85396242632904e+02
2.73208051350882e+01	1.03747232479066e+02,-5.81352891217156e+02
2.75108363627952e+01	1.03700656225101e+02,-5.77337463620655e+02
2.77021893622188e+01	1.03654721157483e+02,-5.73349767075927e+02
2.78948733270084e+01	1.03609418449971e+02,-5.69389610144643e+02
2.80888975147603e+01	1.03564739397808e+02,-5.65456802708490e+02
2.82842712474622e+01	1.03520675416042e+02,-5.61551155960102e+02
2.84810039119418e+01	1.03477218037884e+02,-5.57672482394050e+02
2.86791049603169e+01	1.03434358913086e+02,-5.53820595797898e+02
2.88785839104503e+01	1.03392089806323e+02,-5.49995311243313e+02
2.90794503464066e+01	1.03350402595626e+02,-5.46196445077243e+02
2.92817139189129e+01	1.03309289270818e+02,-5.42423814913149e+02
2.94853843458224e+01	1.03268741931969e+02,-5.38677239622301e+02
2.96904714125813e+01	1.03228752787885e+02,-5.34956539325131e+02
2.98969849726991e+01	1.03189314154616e+02,-5.31261535382643e+02
3.01049349482217e+01	1.03150418453971e+02,-5.27592050387888e+02
3.03143313302083e+01	1.03112058212068e+02,-5.23947908157490e+02
3.05251841792116e+01	1.03074226057894e+02,-5.20328933723233e+02
3.07375036257606e+01	1.03036914721895e+02,-5.16734953323704e+02
3.09512998708482e+01	1.03000117034585e+02,-5.13165794395996e+02
3.11665831864204e+01	1.02963825925145e+02,-5.09621285567464e+02
3.13833639158704e+01	1.02928034420096e+02,-5.06101256647538e+02
3.16016524745355e+01	1.02892735641939e+02,-5.02605538619594e+02
3.18214593501972e+01	1.02857922807841e+02,-4.99133963632879e+02
3.20427951035853e+01	1.02823589228332e+02,-4.95686364994489e+02
3.22656703688855e+01	1.02789728306021e+02,-4.92262577161404e+02
3.24900958542498e+01	1.02756333534320e+02,-4.88862435732579e+02
3.27160823423117e+01	1.02723398496212e+02,-4.85485777441085e+02
3.29436406907034e+01	1.02690916863003e+02,-4.82132440146307e+02
3.31727818325781e+01	1.02658882393112e+02,-4.78802262826192e+02
3.34035167771352e+01	1.02627288930870e+02,-4.75495085569556e+02
3.36358566101490e+01	1.02596130405344e+02,-4.72210749568433e+02
3.38698124945015e+01	1.02565400829162e+02,-4.68949097110488e+02
3.41053956707187e+01	1.02535094297369e+02,-4.65709971571474e+02
3.43426174575106e+01	1.02505204986291e+02,-4.62493217407744e+02
3.45814892523151e+01	1.02475727152415e+02,-4.59298680148812e+02
3.48220225318454e+01	1.02446655131290e+02,-4.56126206389969e+02
3.50642288526419e+01	1.02417983336431e+02,-4.52975643784940e+02
3.53081198516267e+01	1.02389706258259e+02,-4.49846841038606e+02
3.55537072466633e+01	1.02361818463026e+02,-4.46739647899762e+02
3.58010028371194e+01	1.02334314591786e+02,-4.43653915153929e+02
3.60500185044337e+01	1.02307189359353e+02,-4.40589494616222e+02
3.63007662126869e+01	1.02280437553303e+02,-4.37546239124256e+02
3.65532580091765e+01	1.02254054032949e+02,-4.34524002531106e+02
3.68075060249955e+01	1.02228033728376e+02,-4.31522639698315e+02
3.70635224756154e+01	1.02202371639454e+02,-4.28542006488953e+02
3.73213196614728e+01	1.02177062834880e+02,-4.25581959760712e+02
3.75809099685610e+01	1.02152102451233e+02,-4.22642357359066e+02
3.78423058690244e+01	1.02127485692039e+02,-4.19723058110460e+02
3.81055199217581e+01	1.02103207826849e+02,-4.16823921815557e+02
3.83705647730111e+01	1.02079264190328e+02,-4.13944809242529e+02
3.86374531569944e+01	1.02055650181366e+02,-4.11085582120390e+02
3.89061978964920e+01	1.02032361262180e+02,-4.08246103132381e+02
3.91768119034777e+01	1.02009392957462e+02,-4.05426235909393e+02
3.94493081797350e+01	1.01986740853505e+02,-4.02625845023442e+02
3.97236998174820e+01	1.01964400597355e+02,-3.99844795981184e+02
4.00000000000006e+01	1.01942367895983e+02,-3.97082955217477e+02
4.02782220022694e+01	1.01920638515452e+02,-3.94340190088986e+02
4.05583791916018e+01	1.01899208280113e+02,-3.91616368867829e+02
4.08404850282884e+01	1.01878073071791e+02,-3.88911360735276e+02
4.11245530662433e+01	1.01857228829007e+02,-3.86225035775477e+02
4.14105969536557e+01	1.01836671546183e+02,-3.83557264969249e+02
4.16986304336455e+01	1.01816397272887e+02,-3.80907920187890e+02
4.19886673449233e+01	1.01796402113061e+02,-3.78276874187045e+02
4.22807216224559e+01	1.01776682224287e+02,-3.75664000600615e+02
4.25748072981351e+01	1.01757233817032e+02,-3.73069173934702e+02
4.28709385014524e+01	1.01738053153937e+02,-3.70492269561597e+02
4.31691294601778e+01	1.01719136549083e+02,-3.67933163713811e+02
4.34693945010430e+01	1.01700480367294e+02,-3.65391733478150e+02
4.37717480504303e+01	1.01682081023436e+02,-3.62867856789821e+02
4.40762046350651e+01	1.01663934981725e+02,-3.60361412426589e+02
4.43827788827145e+01	1.01646038755053e+02,-3.57872280002967e+02
4.46914855228895e+01	1.01628388904314e+02,-3.55400339964452e+02
4.50023393875531e+01	1.01610982037740e+02,-3.52945473581790e+02
4.53153554118327e+01	1.01593814810258e+02,-3.50507562945295e+02
4.56305486347377e+01	1.01576883922845e+02,-3.48086490959194e+02
4.59479341998822e+01	1.01560186121887e+02,-3.45682141336020e+02
4.62675273562123e+01	1.01543718198561e+02,-3.43294398591036e+02
4.65893434587390e+01	1.01527476988217e+02,-3.40923148036705e+02
4.69133979692759e+01	1.01511459369770e+02,-3.38568275777189e+02
4.72397064571820e+01	1.01495662265098e+02,-3.36229668702895e+02
4.75682846001096e+01	1.01480082638454e+02,-3.33907214485051e+02
4.78991481847580e+01	1.01464717495884e+02,-3.31600801570327e+02
4.82323131076312e+01	1.01449563884640e+02,-3.29310319175482e+02
4.85677953758027e+01	1.01434618892630e+02,-3.27035657282059e+02
4.89056111076836e+01	1.01419879647848e+02,-3.24776706631110e+02
4.92457765337975e+01	1.01405343317823e+02,-3.22533358717960e+02
4.95883079975603e+01	1.01391007109078e+02,-3.20305505787001e+02
4.99332219560653e+01	1.01376868266588e+02,-3.18093040826535e+02
5.02805349808740e+01	1.01362924073255e+02,-3.15895857563636e+02
5.06302637588121e+01	1.01349171849391e+02,-3.13713850459060e+02
5.09824250927714e+01	1.01335608952187e+02,-3.11546914702184e+02
5.13370359025171e+01	1.01322232775225e+02,-3.09394946205981e+02
5.16941132255006e+01	1.01309040747962e+02,-3.07257841602029e+02
5.20536742176783e+01	1.01296030335240e+02,-3.05135498235558e+02
5.24157361543355e+01	1.01283199036805e+02,-3.03027814160524e+02
5.27803164309167e+01	1.01270544386819e+02,-3.00934688134724e+02
5.31474325638614e+01	1.01258063953392e+02,-2.98856019614938e+02
5.35171021914455e+01	1.01245755338110e+02,-2.96791708752112e+02
5.38893430746286e+01	1.01233616175577e+02,-2.94741656386568e+02
5.42641730979079e+01	1.01221644132960e+02,-2.92705764043249e+02
5.46416102701768e+01	1.01209836909538e+02,-2.90683933926997e+02
5.50216727255908e+01	1.01198192236264e+02,-2.88676068917863e+02
5.54043787244380e+01	1.01186707875331e+02,-2.86682072566448e+02
5.57897466540173e+01	1.01175381619733e+02,-2.84701849089281e+02
5.61777950295209e+01	1.01164211292850e+02,-2.82735303364222e+02
5.65685424949249e+01	1.01153194748021e+02,-2.80782340925902e+02
5.69620078238839e+01	1.01142329868145e+02,-2.78842867961189e+02
5.73582099206342e+01	1.01131614565256e+02,-2.76916791304693e+02
5.77571678209009e+01	1.01121046780143e+02,-2.75004018434294e+02
5.81589006928135e+01	1.01110624481931e+02,-2.73104457466707e+02
5.85634278378261e+01	1.01100345667712e+02,-2.71218017153070e+02
5.89707686916452e+01	1.01090208362147e+02,-2.69344606874574e+02
5.93809428251631e+01	1.01080210617088e+02,-2.67484136638108e+02
5.97939699453987e+01	1.01070350511214e+02,-2.65636517071949e+02
6.02098698964438e+01	1.01060626149645e+02,-2.63801659421472e+02
6.06286626604171e+01	1.01051035663590e+02,-2.61979475544891e+02
6.10503683584235e+01	1.01041577209986e+02,-2.60169877909033e+02
6.14750072515217e+01	1.01032248971142e+02,-2.58372779585138e+02
6.19025997416968e+01	1.01023049154388e+02,-2.56588094244687e+02
6.23331663728412e+01	1.01013975991735e+02,-2.54815736155262e+02
6.27667278317413e+01	1.01005027739534e+02,-2.53055620176433e+02
6.32033049490714e+01	1.00996202678134e+02,-2.51307661755674e+02
6.36429187003948e+01	1.00987499111566e+02,-2.49571776924302e+02
6.40855902071710e+01	1.00978915367204e+02,-2.47847882293454e+02
6.45313407377714e+01	1.00970449795444e+02,-2.46135895050082e+02
6.49801917085001e+01	1.00962100769402e+02,-2.44435732952980e+02
6.54321646846238e+01	1.00953866684581e+02,-2.42747314328839e+02
6.58872813814072e+01	1.00945745958575e+02,-2.41070558068330e+02
6.63455636651567e+01	1.00937737030766e+02,-2.39405383622206e+02
6.68070335542709e+01	1.00929838362016e+02,-2.37751710997444e+02
6.72717132202985e+01	1.00922048434376e+02,-2.36109460753400e+02
6.77396249890036e+01	1.00914365750796e+02,-2.34478553998004e+02
6.82107913414379e+01	1.00906788834833e+02,-2.32858912383967e+02
6.86852349150217e+01	1.00899316230373e+02,-2.31250458105026e+02
6.91629785046307e+01	1.00891946501342e+02,-2.29653113892208e+02
6.96440450636914e+01	1.00884678231443e+02,-2.28066803010123e+02
7.01284577052843e+01	1.00877510023870e+02,-2.26491449253282e+02
7.06162397032539e+01	1.00870440501049e+02,-2.24926976942438e+02
7.11074144933271e+01	1.00863468304374e+02,-2.23373310920954e+02
7.16020056742393e+01	1.00856592093933e+02,-2.21830376551199e+02
7.21000370088680e+01	1.00849810548271e+02,-2.20298099710963e+02
7.26015324253744e+01	1.00843122364116e+02,-2.18776406789899e+02
7.31065160183536e+01	1.00836526256145e+02,-2.17265224685995e+02
7.36150120499916e+01	1.00830020956722e+02,-2.15764480802058e+02
7.41270449512313e+01	1.00823605215670e+02,-2.14274103042237e+02
7.46426393229462e+01	1.00817277800016e+02,-2.12794019808556e+02
7.51618199371226e+01	1.00811037493763e+02,-2.11324159997485e+02
7.56846117380493e+01	1.00804883097658e+02,-2.09864452996518e+02
7.62110398435167e+01	1.00798813428951e+02,-2.08414828680792e+02
7.67411295460228e+01	1.00792827321180e+02,-2.06975217409717e+02
7.72749063139893e+01	1.00786923623937e+02,-2.05545550023634e+02
7.78123957929846e+01	1.00781101202654e+02,-2.04125757840493e+02
7.83536238069559e+01	1.00775358938384e+02,-2.02715772652561e+02
7.88986163594705e+01	1.00769695727578e+02,-2.01315526723145e+02
7.94473996349646e+01	1.00764110481883e+02,-1.99924952783339e+02
8.00000000000018e+01	1.00758602127930e+02,-1.98543984028798e+02
8.05564440045393e+01	1.00753169607126e+02,-1.97172554116530e+02
8.11167583832042e+01	1.00747811875448e+02,-1.95810597161710e+02
8.16809700565773e+01	1.00742527903248e+02,-1.94458047734518e+02
8.22491061324872e+01	1.00737316675056e+02,-1.93114840857001e+02
8.28211939073121e+01	1.00732177189378e+02,-1.91780911999947e+02
8.33972608672916e+01	1.00727108458503e+02,-1.90456197079794e+02
8.39773346898473e+01	1.00722109508327e+02,-1.89140632455550e+02
8.45614432449124e+01	1.00717179378150e+02,-1.87834154925737e+02
8.51496145962708e+01	1.00712317120497e+02,-1.86536701725360e+02
8.57418770029054e+01	1.00707521800941e+02,-1.85248210522891e+02
8.63382589203562e+01	1.00702792497913e+02,-1.83968619417279e+02
8.69387890020867e+01	1.00698128302538e+02,-1.82697866934974e+02
8.75434961008612e+01	1.00693528318444e+02,-1.81435892026980e+02
8.81524092701309e+01	1.00688991661609e+02,-1.80182634065923e+02
8.87655577654297e+01	1.00684517460171e+02,-1.78938032843138e+02
8.93829710457797e+01	1.00680104854281e+02,-1.77702028565780e+02
9.00046787751069e+01	1.00675752995918e+02,-1.76474561853954e+02
9.06307108236660e+01	1.00671461048739e+02,-1.75255573737863e+02
9.12610972694761e+01	1.00667228187918e+02,-1.74045005654976e+02
9.18958683997650e+01	1.00663053599976e+02,-1.72842799447216e+02
9.25350547124252e+01	1.00658936482642e+02,-1.71648897358172e+02
9.31786869174787e+01	1.00654876044679e+02,-1.70463242030319e+02
9.38267959385526e+01	1.00650871505756e+02,-1.69285776502270e+02
9.44794129143647e+01	1.00646922096273e+02,-1.68116444206036e+02
9.51365692002200e+01	1.00643027057225e+02,-1.66955188964314e+02
9.57982963695166e+01	1.00639185640066e+02,-1.65801954987788e+02
9.64646262152632e+01	1.00635397106545e+02,-1.64656686872449e+02
9.71355907516061e+01	1.00631660728578e+02,-1.63519329596937e+02
9.78112222153679e+01	1.00627975788102e+02,-1.62389828519897e+02
9.84915530675957e+01	1.00624341576943e+02,-1.61268129377357e+02
9.91766159951214e+01	1.00620757396673e+02,-1.60154178280120e+02
9.98664439121314e+01	1.00617222558480e+02,-1.59047921711178e+02
1.00561069961749e+02	1.00613736383032e+02,-1.57949306523144e+02
1.01260527517625e+02	1.00610298200355e+02,-1.56858279935696e+02
1.01964850185543e+02	1.00606907349693e+02,-1.55774789533045e+02
1.02674071805035e+02	1.00603563179384e+02,-1.54698783261417e+02
1.03388226451002e+02	1.00600265046743e+02,-1.53630209426553e+02
1.04107348435357e+02	1.00597012317932e+02,-1.52569016691231e+02
1.04831472308672e+02	1.00593804367831e+02,-1.51515154072792e+02
1.05560632861834e+02	1.00590640579937e+02,-1.50468570940701e+02
1.06294865127724e+02	1.00587520346224e+02,-1.49429217014110e+02
1.07034204382892e+02	1.00584443067043e+02,-1.48397042359445e+02
1.07778686149258e+02	1.00581408150996e+02,-1.47371997388007e+02
1.08528346195816e+02	1.00578415014827e+02,-1.46354032853595e+02
1.09283220540354e+02	1.00575463083312e+02,-1.45343099850133e+02
1.10043345451182e+02	1.00572551789142e+02,-1.44339149809331e+02
1.10808757448877e+02	1.00569680572818e+02,-1.43342134498344e+02
1.11579493308035e+02	1.00566848882546e+02,-1.42352006017462e+02
1.12355590059043e+02	1.00564056174127e+02,-1.41368716797804e+02
1.13137084989851e+02	1.00561301910852e+02,-1.40392219599040e+02
1.13924015647769e+02	1.00558585563401e+02,-1.39422467507117e+02
1.14716419841269e+02	1.00555906609742e+02,-1.38459413932008e+02
1.15514335641803e+02	1.00553264535027e+02,-1.37503012605475e+02
1.16317801385628e+02	1.00550658831497e+02,-1.36553217578846e+02
1.17126855675653e+02	1.00548088998383e+02,-1.35609983220808e+02
1.17941537383291e+02	1.00545554541810e+02,-1.34673264215217e+02
1.18761885650327e+02	1.00543054974700e+02,-1.33743015558920e+02
1.19587939890798e+02	1.00540589816679e+02,-1.32819192559595e+02
1.20419739792889e+02	1.00538158593991e+02,-1.31901750833604e+02
1.21257325320835e+02	1.00535760839397e+02,-1.30990646303861e+02
1.22100736716848e+02	1.00533396092088e+02,-1.30085835197716e+02
1.22950014503044e+02	1.00531063897605e+02,-1.29187274044850e+02
1.23805199483395e+02	1.00528763807742e+02,-1.28294919675194e+02
1.24666332745683e+02	1.00526495380462e+02,-1.27408729216845e+02
1.25533455663483e+02	1.00524258179812e+02,-1.26528660094019e+02
1.26406609898144e+02	1.00522051775843e+02,-1.25654670024995e+02
1.27285837400790e+02	1.00519875744521e+02,-1.24786717020092e+02
1.28171180414343e+02	1.00517729667652e+02,-1.23924759379650e+02
1.29062681475544e+02	1.00515613132801e+02,-1.23068755692024e+02
1.29960383417001e+02	1.00513525733202e+02,-1.22218664831602e+02
1.30864329369249e+02	1.00511467067698e+02,-1.21374445956823e+02
1.31774562762815e+02	1.00509436740648e+02,-1.20536058508217e+02
1.32691127330314e+02	1.00507434361856e+02,-1.19703462206461e+02
1.33614067108543e+02	1.00505459546505e+02,-1.18876617050438e+02
1.34543426440598e+02	1.00503511915067e+02,-1.18055483315322e+02
1.35479249978008e+02	1.00501591093239e+02,-1.17240021550664e+02
1.36421582682877e+02	1.00499696711877e+02,-1.16430192578503e+02
1.37370469830044e+02	1.00497828406909e+02,-1.15625957491480e+02
1.38325957009262e+02	1.00495985819284e+02,-1.14827277650970e+02
1.39288090127384e+02	1.00494168594889e+02,-1.14034114685229e+02
1.40256915410570e+02	1.00492376384481e+02,-1.13246430487545e+02
1.41232479406509e+02	1.00490608843631e+02,-1.12464187214415e+02
1.42214828986655e+02	1.00488865632648e+02,-1.11687347283721e+02
1.43204011348480e+02	1.00487146416518e+02,-1.10915873372930e+02
1.44200074017737e+02	1.00485450864834e+02,-1.10149728417297e+02
1.45203064850750e+02	1.00483778651743e+02,-1.09388875608087e+02
1.46213032036708e+02	1.00482129455875e+02,-1.08633278390805e+02
1.47230024099984e+02	1.00480502960283e+02,-1.07882900463445e+02
1.48254089902464e+02	1.00478898852381e+02,-1.07137705774739e+02
1.49285278645893e+02	1.00477316823888e+02,-1.06397658522432e+02
1.50323639874246e+02	1.00475756570768e+02,-1.05662723151560e+02
1.51369223476100e+02	1.00474217793162e+02,-1.04932864352738e+02
1.52422079687034e+02	1.00472700195347e+02,-1.04208047060472e+02
1.53482259092047e+02	1.00471203485668e+02,-1.03488236451467e+02
1.54549812627980e+02	1.00469727376481e+02,-1.02773397942960e+02
1.55624791585970e+02	1.00468271584104e+02,-1.02063497191056e+02
1.56707247613913e+02	1.00466835828758e+02,-1.01358500089077e+02
1.57797232718942e+02	1.00465419834516e+02,-1.00658372765927e+02
1.58894799269930e+02	1.00464023329249e+02,-9.99630815844638e+01
1.60000000000005e+02	1.00462646044572e+02,-9.92725931398822e+01
1.61112888009080e+02	1.00461287715796e+02,-9.85868742581102e+01
1.62233516766409e+02	1.00459948081873e+02,-9.79058919942155e+01
1.63361940113156e+02	1.00458626885346e+02,-9.72296136308228e+01
1.64498212264976e+02	1.00457323872308e+02,-9.65580066765423e+01
1.65642387814625e+02	1.00456038792339e+02,-9.58910388644091e+01
1.66794521734584e+02	1.00454771398469e+02,-9.52286781503328e+01
1.67954669379696e+02	1.00453521447129e+02,-9.45708927115586e+01
1.69122886489826e+02	1.00452288698099e+02,-9.39176509451384e+01
1.70299229192543e+02	1.00451072914464e+02,-9.32689214664133e+01
1.71483754005812e+02	1.00449873862573e+02,-9.26246731075052e+01
1.72676517840714e+02	1.00448691311992e+02,-9.19848749158199e+01
1.73877578004175e+02	1.00447525035448e+02,-9.13494961525606e+01
1.75086992201724e+02	1.00446374808808e+02,-9.07185062912508e+01
1.76304818540263e+02	1.00445240411019e+02,-9.00918750162681e+01
1.77531115530861e+02	1.00444121624066e+02,-8.94695722213882e+01
1.78765942091561e+02	1.00443018232940e+02,-8.88515680083382e+01
1.80009357550215e+02	1.00441930025588e+02,-8.82378326853607e+01
1.81261421647333e+02	1.00440856792873e+02,-8.76283367657874e+01
1.82522194538953e+02	1.00439798328542e+02,-8.70230509666225e+01
1.83791736799531e+02	1.00438754429173e+02,-8.64219462071364e+01
1.85070109424852e+02	1.00437724894150e+02,-8.58249936074681e+01
1.86357373834959e+02	1.00436709525616e+02,-8.52321644872387e+01
1.87653591877106e+02	1.00435708128428e+02,-8.46434303641728e+01
1.88958825828731e+02	1.00434720510139e+02,-8.40587629527311e+01
1.90273138400441e+02	1.00433746480948e+02,-8.34781341627505e+01
1.91596592739035e+02	1.00432785853661e+02,-8.29015160980962e+01
1.92929252430528e+02	1.00431838443663e+02,-8.23288810553202e+01
1.94271181503214e+02	1.00430904068877e+02,-8.17602015223314e+01
1.95622444430737e+02	1.00429982549737e+02,-8.11954501770735e+01
1.96983106135193e+02	1.00429073709139e+02,-8.06345998862126e+01
1.98353231990244e+02	1.00428177372423e+02,-8.00776237038338e+01
1.99732887824264e+02	1.00427293367326e+02,-7.95244948701469e+01
2.01122139923499e+02	1.00426421523960e+02,-7.89751868102002e+01
2.02521055035251e+02	1.00425561674773e+02,-7.84296731326049e+01
2.03929700371089e+02	1.00424713654516e+02,-7.78879276282665e+01
2.05348143610071e+02	1.00423877300215e+02,-7.73499242691261e+01
2.06776452902005e+02	1.00423052451136e+02,-7.68156372069097e+01
2.08214696870716e+02	1.00422238948763e+02,-7.62850407718869e+01
2.09662944617345e+02	1.00421436636750e+02,-7.57581094716373e+01
2.11121265723670e+02	1.00420645360911e+02,-7.52348179898264e+01
2.12589730255449e+02	1.00419864969176e+02,-7.47151411849887e+01
2.14068408765785e+02	1.00419095311568e+02,-7.41990540893206e+01
2.15557372298518e+02	1.00418336240173e+02,-7.36865319074805e+01
2.17056692391635e+02	1.00417587609112e+02,-7.31775500153976e+01
2.18566441080711e+02	1.00416849274512e+02,-7.26720839590897e+01
2.20086690902366e+02	1.00416121094478e+02,-7.21701094534871e+01
2.21617514897755e+02	1.00415402929069e+02,-7.16716023812675e+01
2.23158986616072e+02	1.00414694640265e+02,-7.11765387916958e+01
2.24711180118087e+02	1.00413996091947e+02,-7.06848948994749e+01
2.26274169979703e+02	1.00413307149871e+02,-7.01966470836022e+01
2.27848031295539e+02	1.00412627681631e+02,-6.97117718862350e+01
2.29432839682540e+02	1.00411957556649e+02,-6.92302460115639e+01
2.31028671283607e+02	1.00411296646137e+02,-6.87520463246933e+01
2.32635602771258e+02	1.00410644823087e+02,-6.82771498505299e+01
2.34253711351308e+02	1.00410001962224e+02,-6.78055337726793e+01
2.35883074766584e+02	1.00409367940007e+02,-6.73371754323497e+01
2.37523771300656e+02	1.00408742634589e+02,-6.68720523272635e+01
2.39175879781598e+02	1.00408125925797e+02,-6.64101421105759e+01
2.40839479585779e+02	1.00407517695117e+02,-6.59514225898016e+01
2.42514650641672e+02	1.00406917825655e+02,-6.54958717257489e+01
2.44201473433698e+02	1.00406326202131e+02,-6.50434676314601e+01
2.45900029006090e+02	1.00405742710844e+02,-6.45941885711612e+01
2.47610398966791e+02	1.00405167239665e+02,-6.41480129592164e+01
2.49332665491369e+02	1.00404599677994e+02,-6.37049193590922e+01
2.51066911326969e+02	1.00404039916762e+02,-6.32648864823268e+01
2.52813219796289e+02	1.00403487848394e+02,-6.28278931875079e+01
2.54571674801583e+02	1.00402943366795e+02,-6.23939184792562e+01
2.56342360828688e+02	1.00402406367327e+02,-6.19629415072181e+01
2.58125362951089e+02	1.00401876746790e+02,-6.15349415650627e+01
2.59920766834004e+02	1.00401354403406e+02,-6.11098980894876e+01
2.61728658738499e+02	1.00400839236786e+02,-6.06877906592313e+01
2.63549125525633e+02	1.00400331147935e+02,-6.02685989940913e+01
2.65382254660631e+02	1.00399830039204e+02,-5.98523029539508e+01
2.67228134217088e+02	1.00399335814295e+02,-5.94388825378101e+01
2.69086852881198e+02	1.00398848378231e+02,-5.90283178828264e+01
2.70958499956018e+02	1.00398367637334e+02,-5.86205892633595e+01
2.72843165365756e+02	1.00397893499221e+02,-5.82156770900238e+01
2.74740939660091e+02	1.00397425872774e+02,-5.78135619087473e+01
2.76651914018527e+02	1.00396964668127e+02,-5.74142243998374e+01
2.78576180254770e+02	1.00396509796648e+02,-5.70176453770519e+01
2.80513830821141e+02	1.00396061170923e+02,-5.66238057866779e+01
2.82464958813020e+02	1.00395618704737e+02,-5.62326867066166e+01
2.84429657973313e+02	1.00395182313062e+02,-5.58442693454731e+01
2.86408022696961e+02	1.00394751912032e+02,-5.54585350416551e+01
2.88400148035476e+02	1.00394327418941e+02,-5.50754652624751e+01
2.90406129701502e+02	1.00393908752211e+02,-5.46950416032608e+01
2.92426064073419e+02	1.00393495831385e+02,-5.43172457864704e+01
2.94460048199971e+02	1.00393088577112e+02,-5.39420596608151e+01
2.96508179804929e+02	1.00392686911134e+02,-5.35694652003862e+01
2.98570557291789e+02	1.00392290756259e+02,-5.31994445037900e+01
3.00647279748495e+02	1.00391900036360e+02,-5.28319797932869e+01
3.02738446952202e+02	1.00391514676352e+02,-5.24670534139380e+01
3.04844159374071e+02	1.00391134602182e+02,-5.21046478327566e+01
3.06964518184096e+02	1.00390759740814e+02,-5.17447456378654e+01
3.09099625255962e+02	1.00390390020211e+02,-5.13873295376612e+01
3.11249583171943e+02	1.00390025369325e+02,-5.10323823599828e+01
3.13414495227828e+02	1.00389665718084e+02,-5.06798870512866e+01
3.15594465437887e+02	1.00389310997375e+02,-5.03298266758276e+01
3.17789598539863e+02	1.00388961139035e+02,-4.99821844148452e+01
3.20000000000012e+02	1.00388616075835e+02,-4.96369435657553e+01
3.22225776018162e+02	1.00388275741467e+02,-4.92940875413478e+01
3.24467033532821e+02	1.00387940070530e+02,-4.89535998689903e+01
3.26723880226314e+02	1.00387608998525e+02,-4.86154641898356e+01
3.28996424529954e+02	1.00387282461832e+02,-4.82796642580364e+01
3.31284775629253e+02	1.00386960397707e+02,-4.79461839399653e+01
3.33589043469171e+02	1.00386642744259e+02,-4.76150072134383e+01
3.35909338759394e+02	1.00386329440455e+02,-4.72861181669463e+01
3.38245772979655e+02	1.00386020426089e+02,-4.69595009988901e+01
3.40598458385088e+02	1.00385715641783e+02,-4.66351400168212e+01
3.42967508011627e+02	1.00385415028976e+02,-4.63130196366881e+01
3.45353035681430e+02	1.00385118529901e+02,-4.59931243820870e+01
3.47755156008352e+02	1.00384826087590e+02,-4.56754388835191e+01
3.50173984403450e+02	1.00384537645850e+02,-4.53599478776515e+01
3.52609637080529e+02	1.00384253149256e+02,-4.50466362065845e+01
3.55062231061724e+02	1.00383972543149e+02,-4.47354888171223e+01
3.57531884183124e+02	1.00383695773608e+02,-4.44264907600511e+01
3.60018715100433e+02	1.00383422787456e+02,-4.41196271894199e+01
3.62522843294669e+02	1.00383153532245e+02,-4.38148833618272e+01
3.65044389077910e+02	1.00382887956238e+02,-4.35122446357136e+01
3.67583473599065e+02	1.00382626008409e+02,-4.32116964706573e+01
3.70140218849706e+02	1.00382367638432e+02,-4.29132244266761e+01
3.72714747669920e+02	1.00382112796664e+02,-4.26168141635335e+01
3.75307183754216e+02	1.00381861434146e+02,-4.23224514400495e+01
3.77917651657464e+02	1.00381613502579e+02,-4.20301221134167e+01
3.80546276800886e+02	1.00381368954335e+02,-4.17398121385206e+01
3.83193185478072e+02	1.00381127742431e+02,-4.14515075672648e+01
3.85858504861058e+02	1.00380889820524e+02,-4.11651945479010e+01
3.88542363006430e+02	1.00380655142909e+02,-4.08808593243633e+01
3.91244888861477e+02	1.00380423664495e+02,-4.05984882356074e+01
3.93966212270389e+02	1.00380195340822e+02,-4.03180677149545e+01
3.96706463980491e+02	1.00379970128020e+02,-4.00395842894385e+01
3.99465775648532e+02	1.00379747982830e+02,-3.97630245791600e+01
4.02244279847001e+02	1.00379528862576e+02,-3.94883752966427e+01
4.05042110070506e+02	1.00379312725166e+02,-3.92156232461948e+01
4.07859400742180e+02	1.00379099529081e+02,-3.89447553232758e+01
4.10696287220146e+02	1.00378889233371e+02,-3.86757585138659e+01
4.13552905804014e+02	1.00378681797641e+02,-3.84086198938415e+01
4.16429393741435e+02	1.00378477182046e+02,-3.81433266283537e+01
4.19325889234693e+02	1.00378275347284e+02,-3.78798659712123e+01
4.22242531447343e+02	1.00378076254589e+02,-3.76182252642724e+01
4.25179460510901e+02	1.00377879865724e+02,-3.73583919368272e+01
4.28136817531573e+02	1.00377686142967e+02,-3.71003535050034e+01
4.31114744597038e+02	1.00377495049114e+02,-3.68440975711617e+01
4.34113384783272e+02	1.00377306547466e+02,-3.65896118233009e+01
4.37132882161424e+02	1.00377120601820e+02,-3.63368840344667e+01
4.40173381804736e+02	1.00376937176467e+02,-3.60859020621638e+01
4.43235029795514e+02	1.00376756236187e+02,-3.58366538477726e+01
4.46317973232148e+02	1.00376577746229e+02,-3.55891274159702e+01
4.49422360236177e+02	1.00376401672326e+02,-3.53433108741542e+01
4.52548339959409e+02	1.00376227980661e+02,-3.50991924118726e+01
4.55696062591081e+02	1.00376056637891e+02,-3.48567603002545e+01
4.58865679365083e+02	1.00375887611115e+02,-3.46160028914486e+01
4.62057342567218e+02	1.00375720867882e+02,-3.43769086180619e+01
4.65271205542518e+02	1.00375556376176e+02,-3.41394659926049e+01
4.68507422702619e+02	1.00375394104425e+02,-3.39036636069389e+01
4.71766149533172e+02	1.00375234021475e+02,-3.36694901317285e+01
4.75047542601315e+02	1.00375076096596e+02,-3.34369343158973e+01
4.78351759563200e+02	1.00374920299477e+02,-3.32059849860863e+01
4.81678959171561e+02	1.00374766600206e+02,-3.29766310461185e+01
4.85029301283347e+02	1.00374614969295e+02,-3.27488614764643e+01
4.88402946867399e+02	1.00374465377636e+02,-3.25226653337132e+01
4.91800058012184e+02	1.00374317796523e+02,-3.22980317500475e+01
4.95220797933585e+02	1.00374172197637e+02,-3.20749499327195e+01
4.98665330982741e+02	1.00374028553037e+02,-3.18534091635343e+01
5.02133822653941e+02	1.00373886835163e+02,-3.16333987983335e+01
5.05626439592583e+02	1.00373747016823e+02,-3.14149082664849e+01
5.09143349603169e+02	1.00373609071194e+02,-3.11979270703728e+01
5.12684721657380e+02	1.00373472971816e+02,-3.09824447848960e+01
5.16250725902183e+02	1.00373338692578e+02,-3.07684510569648e+01
5.19841533668013e+02	1.00373206207730e+02,-3.05559356050048e+01
5.23457317477002e+02	1.00373075491857e+02,-3.03448882184623e+01
5.27098251051269e+02	1.00372946519893e+02,-3.01352987573140e+01
5.30764509321265e+02	1.00372819267110e+02,-2.99271571515792e+01
5.34456268434179e+02	1.00372693709104e+02,-2.97204534008366e+01
5.38173705762400e+02	1.00372569821806e+02,-2.95151775737435e+01
5.41916999912040e+02	1.00372447581466e+02,-2.93113198075586e+01
5.45686330731516e+02	1.00372326964653e+02,-2.91088703076676e+01
5.49481879320186e+02	1.00372207948246e+02,-2.89078193471138e+01
5.53303828037057e+02	1.00372090509440e+02,-2.87081572661295e+01
5.57152360509543e+02	1.00371974625731e+02,-2.85098744716722e+01
5.61027661642286e+02	1.00371860274916e+02,-2.83129614369639e+01
5.64929917626043e+02	1.00371747435087e+02,-2.81174087010330e+01
5.68859315946629e+02	1.00371636084631e+02,-2.79232068682600e+01
5.72816045393927e+02	1.00371526202220e+02,-2.77303466079259e+01
5.76800296070956e+02	1.00371417766815e+02,-2.75388186537634e+01
5.80812259403008e+02	1.00371310757652e+02,-2.73486138035120e+01
5.84852128146842e+02	1.00371205154246e+02,-2.71597229184762e+01
5.88920096399945e+02	1.00371100936382e+02,-2.69721369230859e+01
5.93016359609863e+02	1.00370998084118e+02,-2.67858468044600e+01
5.97141114583583e+02	1.00370896577770e+02,-2.66008436119743e+01
6.01294559496994e+02	1.00370796397921e+02,-2.64171184568301e+01
6.05476893904408e+02	1.00370697525408e+02,-2.62346625116283e+01
6.09688318748146e+02	1.00370599941322e+02,-2.60534670099442e+01
6.13929036368196e+02	1.00370503627005e+02,-2.58735232459063e+01
6.18199250511928e+02	1.00370408564045e+02,-2.56948225737797e+01
6.22499166343890e+02	1.00370314734273e+02,-2.55173564075480e+01
6.26828990455661e+02	1.00370222119760e+02,-2.53411162205024e+01
6.31188930875777e+02	1.00370130702814e+02,-2.51660935448311e+01
6.35579197079731e+02	1.00370040465972e+02,-2.49922799712137e+01
6.40000000000028e+02	1.00369951392006e+02,-2.48196671484154e+01
6.44451552036329e+02	1.00369863463913e+02,-2.46482467828864e+01
6.48934067065647e+02	1.00369776664909e+02,-2.44780106383642e+01
6.53447760452633e+02	1.00369690978436e+02,-2.43089505354762e+01
6.57992849059912e+02	1.00369606388150e+02,-2.41410583513475e+01
6.62569551258511e+02	1.00369522877920e+02,-2.39743260192109e+01
6.67178086938347e+02	1.00369440431826e+02,-2.38087455280187e+01
6.71818677518793e+02	1.00369359034160e+02,-2.36443089220575e+01
6.76491545959314e+02	1.00369278669414e+02,-2.34810083005664e+01
6.81196916770181e+02	1.00369199322284e+02,-2.33188358173572e+01
6.85935016023258e+02	1.00369120977667e+02,-2.31577836804375e+01
6.90706071362864e+02	1.00369043620652e+02,-2.29978441516352e+01
6.95510312016709e+02	1.00368967236526e+02,-2.28390095462280e+01
7.00347968806905e+02	1.00368891810766e+02,-2.26812722325731e+01
7.05219274161063e+02	1.00368817329034e+02,-2.25246246317415e+01
7.10124462123453e+02	1.00368743777182e+02,-2.23690592171524e+01
7.15063768366253e+02	1.00368671141242e+02,-2.22145685142124e+01
7.20037430200871e+02	1.00368599407426e+02,-2.20611450999562e+01
7.25045686589344e+02	1.00368528562127e+02,-2.19087816026890e+01
7.30088778155824e+02	1.00368458591911e+02,-2.17574707016340e+01
7.35166947198136e+02	1.00368389483516e+02,-2.16072051265785e+01
7.40280437699418e+02	1.00368321223853e+02,-2.14579776575258e+01
7.45429495339846e+02	1.00368253799999e+02,-2.13097811243484e+01
7.50614367508437e+02	1.00368187199196e+02,-2.11626084064420e+01
7.55835303314934e+02	1.00368121408851e+02,-2.10164524323849e+01
7.61092553601776e+02	1.00368056416533e+02,-2.08713061795964e+01
7.66386370956150e+02	1.00367992209966e+02,-2.07271626740015e+01
7.71717009722122e+02	1.00367928777034e+02,-2.05840149896932e+01
7.77084726012866e+02	1.00367866105774e+02,-2.04418562486021e+01
7.82489777722960e+02	1.00367804184376e+02,-2.03006796201636e+01
7.87932424540783e+02	1.00367743001180e+02,-2.01604783209912e+01
7.93412927960988e+02	1.00367682544671e+02,-2.00212456145502e+01
7.98931551297069e+02	1.00367622803480e+02,-1.98829748108325e+01
8.04488559694007e+02	1.00367563766389e+02,-1.97456592660369e+01
8.10084220141017e+02	1.00367505422313e+02,-1.96092923822492e+01
8.15718801484366e+02	1.00367447760311e+02,-1.94738676071247e+01
8.21392574440297e+02	1.00367390769580e+02,-1.93393784335734e+01
8.27105811608034e+02	1.00367334439451e+02,-1.92058183994472e+01
8.32858787482876e+02	1.00367278759390e+02,-1.90731810872296e+01
8.38651778469392e+02	1.00367223718999e+02,-1.89414601237272e+01
8.44485062894692e+02	1.00367169308004e+02,-1.88106491797629e+01
8.50358921021807e+02	1.00367115516261e+02,-1.86807419698725e+01
8.56273635063152e+02	1.00367062333757e+02,-1.85517322520008e+01
8.62229489194082e+02	1.00367009750599e+02,-1.84236138272049e+01
8.68226769566551e+02	1.00366957757023e+02,-1.82963805393524e+01
8.74265764322854e+02	1.00366906343381e+02,-1.81700262748278e+01
8.80346763609478e+02	1.00366855500145e+02,-1.80445449622391e+01
8.86470059591034e+02	1.00366805217912e+02,-1.79199305721234e+01
8.92635946464302e+02	1.00366755487390e+02,-1.77961771166600e+01
8.98844720472361e+02	1.00366706299404e+02,-1.76732786493801e+01
9.05096679918824e+02	1.00366657644890e+02,-1.75512292648831e+01
9.11392125182169e+02	1.00366609514899e+02,-1.74300230985514e+01
9.17731358730173e+02	1.00366561900592e+02,-1.73096543262684e+01
9.24114685134442e+02	1.00366514793238e+02,-1.71901171641396e+01
9.30542411085043e+02	1.00366468184218e+02,-1.70714058682139e+01
9.37014845405245e+02	1.00366422065011e+02,-1.69535147342070e+01
9.43532299066350e+02	1.00366376427205e+02,-1.68364380972284e+01
9.50095085202637e+02	1.00366331262496e+02,-1.67201703315083e+01
9.56703519126407e+02	1.00366286562677e+02,-1.66047058501272e+01
9.63357918343130e+02	1.00366242319637e+02,-1.64900391047470e+01
9.70058602566702e+02	1.00366198525377e+02,-1.63761645853457e+01
9.76805893734805e+02	1.00366155171986e+02,-1.62630768199510e+01
9.83600116024376e+02	1.00366112251652e+02,-1.61507703743781e+01
9.90441595867178e+02	1.00366069756660e+02,-1.60392398519681e+01
9.97330661965489e+02	1.00366027679387e+02,-1.59284798933286e+01
1.00426764530789e+03	1.00365986012308e+02,-1.58184851760764e+01
1.01125287918517e+03	1.00365944747987e+02,-1.57092504145816e+01
1.01828669920635e+03	1.00365903879074e+02,-1.56007703597127e+01
1.02536944331477e+03	1.00365863398321e+02,-1.54930397985857e+01
1.03250145180437e+03	1.00365823298554e+02,-1.53860535543123e+01
1.03968306733603e+03	1.00365783572696e+02,-1.52798064857516e+01
1.04691463495401e+03	1.00365744213755e+02,-1.51742934872630e+01
1.05419650210255e+03	1.00365705214823e+02,-1.50695094884599e+01
1.06152901864254e+03	1.00365666569076e+02,-1.49654494539685e+01
1.06891253686837e+03	1.00365628269779e+02,-1.48621083831818e+01
1.07634741152481e+03	1.00365590310264e+02,-1.47594813100232e+01
1.08383399982409e+03	1.00365552683967e+02,-1.46575633027041e+01
1.09137266146304e+03	1.00365515384386e+02,-1.45563494634908e+01
1.09896375864038e+03	1.00365478405106e+02,-1.44558349284654e+01
1.10660765607412e+03	1.00365441739791e+02,-1.43560148672943e+01
1.11430472101910e+03	1.00365405382185e+02,-1.42568844829945e+01
1.12205532328458e+03	1.00365369326096e+02,-1.41584390117054e+01
1.12985983525210e+03	1.00365333565427e+02,-1.40606737224562e+01
1.13771863189327e+03	1.00365298094142e+02,-1.39635839169430e+01
1.14563209078786e+03	1.00365262906289e+02,-1.38671649292976e+01
1.15360059214192e+03	1.00365227995981e+02,-1.37714121258685e+01
1.16162451880602e+03	1.00365193357411e+02,-1.36763209049941e+01
1.16970425629369e+03	1.00365158984838e+02,-1.35818866967848e+01
1.17784019279990e+03	1.00365124872598e+02,-1.34881049629005e+01
1.18603271921974e+03	1.00365091015097e+02,-1.33949711963343e+01
1.19428222916717e+03	1.00365057406808e+02,-1.33024809211956e+01
1.20258911899400e+03	1.00365024042272e+02,-1.32106296924941e+01
1.21095378780882e+03	1.00364990916109e+02,-1.31194130959272e+01
1.21937663749630e+03	1.00364958022996e+02,-1.30288267476672e+01
1.22785807273640e+03	1.00364925357680e+02,-1.29388662941510e+01
1.23639850102387e+03	1.00364892914979e+02,-1.28495274118709e+01
1.24499833268779e+03	1.00364860689773e+02,-1.27608058071661e+01
1.25365798091133e+03	1.00364828677009e+02,-1.26726972160174e+01
1.26237786175156e+03	1.00364796871701e+02,-1.25851974038413e+01
1.27115839415947e+03	1.00364765268924e+02,-1.24983021652878e+01
1.28000000000007e+03	1.00364733863821e+02,-1.24120073240368e+01
1.28890310407267e+03	1.00364702651598e+02,-1.23263087325983e+01
1.29786813413130e+03	1.00364671627519e+02,-1.22412022721140e+01
1.30689552090528e+03	1.00364640786918e+02,-1.21566838521562e+01
1.31598569811983e+03	1.00364610125188e+02,-1.20727494105350e+01
1.32513910251703e+03	1.00364579637781e+02,-1.19893949131012e+01
1.33435617387670e+03	1.00364549320215e+02,-1.19066163535529e+01
1.34363735503760e+03	1.00364519168065e+02,-1.18244097532425e+01
1.35298309191864e+03	1.00364489176973e+02,-1.17427711609874e+01
1.36239383354037e+03	1.00364459342630e+02,-1.16616966528771e+01
1.37187003204653e+03	1.00364429660798e+02,-1.15811823320874e+01
1.38141214272574e+03	1.00364400127294e+02,-1.15012243286920e+01
1.39102062403343e+03	1.00364370737991e+02,-1.14218187994768e+01
1.40069593761382e+03	1.00364341488824e+02,-1.13429619277551e+01
1.41043854832214e+03	1.00364312375791e+02,-1.12646499231850e+01
1.42024892424692e+03	1.00364283394938e+02,-1.11868790215869e+01
1.43012753673252e+03	1.00364254542378e+02,-1.11096454847629e+01
1.44007486040175e+03	1.00364225814270e+02,-1.10329456003170e+01
1.45009137317870e+03	1.00364197206847e+02,-1.09567756814760e+01
1.46017755631166e+03	1.00364168716387e+02,-1.08811320669148e+01
1.47033389439628e+03	1.00364140339231e+02,-1.08060111205784e+01
1.48056087539885e+03	1.00364112071769e+02,-1.07314092315089e+01
1.49085899067970e+03	1.00364083910454e+02,-1.06573228136713e+01
1.50122873501688e+03	1.00364055851792e+02,-1.05837483057805e+01
1.51167060662988e+03	1.00364027892350e+02,-1.05106821711322e+01
1.52218510720356e+03	1.00364000028741e+02,-1.04381208974325e+01
1.53277274191231e+03	1.00363972257645e+02,-1.03660609966286e+01
1.54343401944426e+03	1.00363944575794e+02,-1.02944990047417e+01
1.55416945202574e+03	1.00363916979967e+02,-1.02234314817016e+01
1.56497955544593e+03	1.00363889467010e+02,-1.01528550111806e+01
1.57586484908158e+03	1.00363862033813e+02,-1.00827662004305e+01
1.58682585592199e+03	1.00363834677335e+02,-1.00131616801174e+01
1.59786310259415e+03	1.00363807394573e+02,-9.94403810416518e+00
1.60897711938803e+03	1.00363780182596e+02,-9.87539214958951e+00
1.62016844028205e+03	1.00363753038512e+02,-9.80722051634082e+00
1.63143760296874e+03	1.00363725959494e+02,-9.73951992714596e+00
1.64278514888061e+03	1.00363698942764e+02,-9.67228712735205e+00
1.65421162321608e+03	1.00363671985601e+02,-9.60551888476861e+00
1.66571757496577e+03	1.00363645085332e+02,-9.53921198951277e+00
1.67730355693880e+03	1.00363618239350e+02,-9.47336325385622e+00
1.68897012578940e+03	1.00363591445094e+02,-9.40796951207359e+00
1.70071784204363e+03	1.00363564700059e+02,-9.34302762028676e+00
1.71254727012632e+03	1.00363538001789e+02,-9.27853445631760e+00
1.72445897838818e+03	1.00363511347892e+02,-9.21448691953803e+00
1.73645353913312e+03	1.00363484736018e+02,-9.15088193072018e+00
1.74853152864572e+03	1.00363458163883e+02,-9.08771643188783e+00
1.76069352721897e+03	1.00363431629244e+02,-9.02498738617548e+00
1.77294011918208e+03	1.00363405129922e+02,-8.96269177767423e+00
1.78527189292862e+03	1.00363378663787e+02,-8.90082661129431e+00
1.79768944094474e+03	1.00363352228764e+02,-8.83938891261895e+00
1.81019335983766e+03	1.00363325822831e+02,-8.77837572776201e+00
1.82278425036435e+03	1.00363299444017e+02,-8.71778412322687e+00
1.83546271746036e+03	1.00363273090409e+02,-8.65761118576634e+00
1.84822937026890e+03	1.00363246760145e+02,-8.59785402224075e+00
1.86108482217010e+03	1.00363220451415e+02,-8.53850975948314e+00
1.87402969081051e+03	1.00363194162466e+02,-8.47957554415970e+00
1.88706459813271e+03	1.00363167891596e+02,-8.42104854263257e+00
1.90019017040529e+03	1.00363141637151e+02,-8.36292594082695e+00
1.91340703825283e+03	1.00363115397542e+02,-8.30520494409133e+00
1.92671583668627e+03	1.00363089171222e+02,-8.24788277707083e+00
1.94011720513342e+03	1.00363062956706e+02,-8.19095668356793e+00
1.95361178746963e+03	1.00363036752551e+02,-8.13442392641526e+00
1.96720023204877e+03	1.00363010557377e+02,-8.07828178734029e+00
1.98088319173437e+03	1.00362984369855e+02,-8.02252756684144e+00
1.99466132393099e+03	1.00362958188702e+02,-7.96715858405168e+00
2.00853529061580e+03	1.00362932012694e+02,-7.91217217661659e+00
2.02250575837036e+03	1.00362905840661e+02,-7.85756570056380e+00
2.03657339841271e+03	1.00362879671476e+02,-7.80333653017726e+00
2.05073888662955e+03	1.00362853504076e+02,-7.74948205787168e+00
2.06500290360876e+03	1.00362827337443e+02,-7.69599969406891e+00
2.07936613467208e+03	1.00362801170612e+02,-7.64288686707132e+00
2.09382926990804e+03	1.00362775002668e+02,-7.59014102294435e+00
2.10839300420511e+03	1.00362748832755e+02,-7.53775962538748e+00
2.12305803728509e+03	1.00362722660059e+02,-7.48574015562030e+00
2.13782507373675e+03	1.00362696483828e+02,-7.43408011225496e+00
2.15269482304963e+03	1.00362670303355e+02,-7.38277701118364e+00
2.16766799964819e+03	1.00362644117978e+02,-7.33182838545375e+00
2.18274532292609e+03	1.00362617927099e+02,-7.28123178515650e+00
2.19792751728078e+03	1.00362591730164e+02,-7.23098477730252e+00
2.21321531214826e+03	1.00362565526665e+02,-7.18108494571323e+00
2.22860944203821e+03	1.00362539316156e+02,-7.13152989089875e+00
2.24411064656918e+03	1.00362513098226e+02,-7.08231722994970e+00
2.25971967050421e+03	1.00362486872528e+02,-7.03344459641777e+00
2.27543726378655e+03	1.00362460638754e+02,-6.98490964020695e+00
2.29126418157574e+03	1.00362434396650e+02,-6.93671002745807e+00
2.30720118428386e+03	1.00362408146008e+02,-6.88884344044181e+00
2.32324903761207e+03	1.00362381886674e+02,-6.84130757744220e+00
2.33940851258740e+03	1.00362355618539e+02,-6.79410015265218e+00
2.35568038559982e+03	1.00362329341539e+02,-6.74721889606191e+00
2.37206543843949e+03	1.00362303055661e+02,-6.70066155335111e+00
2.38856445833437e+03	1.00362276760934e+02,-6.65442588578185e+00
2.40517823798801e+03	1.00362250457443e+02,-6.60850967008918e+00
2.42190757561767e+03	1.00362224145312e+02,-6.56291069837962e+00
2.43875327499262e+03	1.00362197824716e+02,-6.51762677802252e+00
2.45571614547282e+03	1.00362171495867e+02,-6.47265573154579e+00
2.47279700204775e+03	1.00362145159033e+02,-6.42799539653394e+00
2.48999666537560e+03	1.00362118814517e+02,-6.38364362552303e+00
2.50731596182268e+03	1.00362092462669e+02,-6.33959828589943e+00
2.52475572350315e+03	1.00362066103888e+02,-6.29585725979467e+00
2.54231678831896e+03	1.00362039738608e+02,-6.25241844399240e+00
2.56000000000015e+03	1.00362013367312e+02,-6.20927974981904e+00
2.57780620814535e+03	1.00361986990521e+02,-6.16643910304976e+00
2.59573626826263e+03	1.00361960608795e+02,-6.12389444380756e+00
2.61379104181057e+03	1.00361934222744e+02,-6.08164372646524e+00
2.63197139623969e+03	1.00361907833007e+02,-6.03968491954994e+00
2.65027820503409e+03	1.00361881440275e+02,-5.99801600563993e+00
2.66871234775343e+03	1.00361855045263e+02,-5.95663498127693e+00
2.68727471007521e+03	1.00361828648738e+02,-5.91553985686496e+00
2.70596618383730e+03	1.00361802251496e+02,-5.87472865657679e+00
2.72478766708077e+03	1.00361775854375e+02,-5.83419941825934e+00
2.74374006409308e+03	1.00361749458248e+02,-5.79395019334174e+00
2.76282428545150e+03	1.00361723064019e+02,-5.75397904673865e+00
2.78204124806688e+03	1.00361696672636e+02,-5.71428405676291e+00
2.80139187522766e+03	1.00361670285072e+02,-5.67486331503010e+00
2.82087709664429e+03	1.00361643902339e+02,-5.63571492636769e+00
2.84049784849386e+03	1.00361617525483e+02,-5.59683700872723e+00
2.86025507346506e+03	1.00361591155572e+02,-5.55822769309058e+00
2.88014972080353e+03	1.00361564793714e+02,-5.51988512338705e+00
2.90018274635742e+03	1.00361538441052e+02,-5.48180745639372e+00
2.92035511262334e+03	1.00361512098743e+02,-5.44399286166054e+00
2.94066778879259e+03	1.00361485767987e+02,-5.40643952141255e+00
2.96112175079772e+03	1.00361459450003e+02,-5.36914563046979e+00
2.98171798135943e+03	1.00361433146042e+02,-5.33210939615549e+00
3.00245747003379e+03	1.00361406857376e+02,-5.29532903821669e+00
3.02334121325978e+03	1.00361380585309e+02,-5.25880278873123e+00
3.04437021440715e+03	1.00361354331164e+02,-5.22252889203152e+00
3.06554548382465e+03	1.00361328096290e+02,-5.18650560461327e+00
3.08686803888854e+03	1.00361301882058e+02,-5.15073119505952e+00
3.10833890405151e+03	1.00361275689858e+02,-5.11520394394975e+00
3.12995911089189e+03	1.00361249521105e+02,-5.07992214378195e+00
3.15172969816318e+03	1.00361223377235e+02,-5.04488409889428e+00
3.17365171184400e+03	1.00361197259695e+02,-5.01008812537703e+00
3.19572620518832e+03	1.00361171169955e+02,-4.97553255099560e+00
3.21795423877608e+03	1.00361145109505e+02,-4.94121571510860e+00
3.24033688056412e+03	1.00361119079847e+02,-4.90713596859107e+00
3.26287520593751e+03	1.00361093082499e+02,-4.87329167375440e+00
3.28557029776124e+03	1.00361067118995e+02,-4.83968120426617e+00
3.30842324643219e+03	1.00361041190876e+02,-4.80630294507328e+00
3.33143514993156e+03	1.00361015299704e+02,-4.77315529232445e+00
3.35460711387762e+03	1.00360989447045e+02,-4.74023665329548e+00
3.37794025157882e+03	1.00360963634484e+02,-4.70754544630458e+00
3.40143568408728e+03	1.00360937863605e+02,-4.67508010064990e+00
3.42509454025266e+03	1.00360912136010e+02,-4.64283905652146e+00
3.44891795677638e+03	1.00360886453301e+02,-4.61082076493405e+00
3.47290707826626e+03	1.00360860817091e+02,-4.57902368764876e+00
3.49706305729147e+03	1.00360835228996e+02,-4.54744629710093e+00
3.52138705443797e+03	1.00360809690642e+02,-4.51608707632474e+00
3.54588023836419e+03	1.00360784203650e+02,-4.48494451888384e+00
3.57054378585726e+03	1.00360758769653e+02,-4.45401712879421e+00
3.59537888188950e+03	1.00360733390278e+02,-4.42330342045720e+00
3.62038671967535e+03	1.00360708067160e+02,-4.39280191858328e+00
3.64556850072874e+03	1.00360682801929e+02,-4.36251115812377e+00
3.67092543492075e+03	1.00360657596215e+02,-4.33242968419842e+00
3.69645874053783e+03	1.00360632451649e+02,-4.30255605202868e+00
3.72216964434023e+03	1.00360607369855e+02,-4.27288882686269e+00
3.74805938162104e+03	1.00360582352459e+02,-4.24342658391037e+00
3.77412919626546e+03	1.00360557401076e+02,-4.21416790827548e+00
3.80038034081061e+03	1.00360532517326e+02,-4.18511139488122e+00
3.82681407650569e+03	1.00360507702806e+02,-4.15625564840910e+00
3.85343167337258e+03	1.00360482959122e+02,-4.12759928322770e+00
3.88023441026687e+03	1.00360458287867e+02,-4.09914092332645e+00
3.90722357493928e+03	1.00360433690624e+02,-4.07087920225030e+00
3.93440046409756e+03	1.00360409168963e+02,-4.04281276303259e+00
3.96176638346877e+03	1.00360384724458e+02,-4.01494025812877e+00
3.98932264786202e+03	1.00360360358650e+02,-3.98726034935401e+00
4.01707058123162e+03	1.00360336073088e+02,-3.95977170781167e+00
4.04501151674075e+03	1.00360311869299e+02,-3.93247301384031e+00
4.07314679682545e+03	1.00360287748799e+02,-3.90536295693739e+00
4.10147777325913e+03	1.00360263713088e+02,-3.87844023570511e+00
4.13000580721756e+03	1.00360239763653e+02,-3.85170355778216e+00
4.15873226934420e+03	1.00360215901969e+02,-3.82515163978061e+00
4.18765853981611e+03	1.00360192129488e+02,-3.79878320723052e+00
4.21678600841025e+03	1.00360168447647e+02,-3.77259699451185e+00
4.24611607457022e+03	1.00360144857871e+02,-3.74659174479043e+00
4.27565014747353e+03	1.00360121361567e+02,-3.72076620996402e+00
4.30538964609930e+03	1.00360097960113e+02,-3.69511915059990e+00
4.33533599929642e+03	1.00360074654879e+02,-3.66964933587079e+00
4.36549064585222e+03	1.00360051447210e+02,-3.64435554349800e+00
4.39585503456159e+03	1.00360028338434e+02,-3.61923655969407e+00
4.42643062429656e+03	1.00360005329854e+02,-3.59429117909860e+00
4.45721888407645e+03	1.00359982422756e+02,-3.56951820472258e+00
4.48822129313839e+03	1.00359959618401e+02,-3.54491644789441e+00
4.51943934100845e+03	1.00359936918032e+02,-3.52048472819025e+00
4.55087452757314e+03	1.00359914322866e+02,-3.49622187339025e+00
4.58252836315152e+03	1.00359891834094e+02,-3.47212671941243e+00
4.61440236856776e+03	1.00359869452892e+02,-3.44819811025870e+00
4.64649807522417e+03	1.00359847180406e+02,-3.42443489796084e+00
4.67881702517484e+03	1.00359825017758e+02,-3.40083594251917e+00
4.71136077119967e+03	1.00359802966048e+02,-3.37740011185357e+00
4.74413087687901e+03	1.00359781026351e+02,-3.35412628174162e+00
4.77712891666877e+03	1.00359759199712e+02,-3.33101333577198e+00
4.81035647597606e+03	1.00359737487157e+02,-3.30806016528125e+00
4.84381515123537e+03	1.00359715889684e+02,-3.28526566930439e+00
4.87750654998529e+03	1.00359694408259e+02,-3.26262875452349e+00
4.91143229094568e+03	1.00359673043837e+02,-3.24014833520662e+00
4.94559400409554e+03	1.00359651797327e+02,-3.21782333316486e+00
4.97999333075124e+03	1.00359630669628e+02,-3.19565267769355e+00
5.01463192364540e+03	1.00359609661599e+02,-3.17363530551918e+00
5.04951144700634e+03	1.00359588774087e+02,-3.15177016075103e+00
5.08463357663797e+03	1.00359568007896e+02,-3.13005619482767e+00
5.12000000000034e+03	1.00359547363817e+02,-3.10849236646638e+00
5.15561241629075e+03	1.00359526842598e+02,-3.08707764161464e+00
5.19147253652530e+03	1.00359506444975e+02,-3.06581099339602e+00
5.22758208362118e+03	1.00359486171652e+02,-3.04469140205724e+00
5.26394279247942e+03	1.00359466023300e+02,-3.02371785492799e+00
5.30055641006821e+03	1.00359446000566e+02,-3.00288934636702e+00
5.33742469550690e+03	1.00359426104072e+02,-2.98220487770785e+00
5.37454942015047e+03	1.00359406334408e+02,-2.96166345721648e+00
5.41193236767464e+03	1.00359386692142e+02,-2.94126410003997e+00
5.44957533416157e+03	1.00359367177808e+02,-2.92100582816284e+00
5.48748012818620e+03	1.00359347791920e+02,-2.90088767035244e+00
5.52564857090304e+03	1.00359328534958e+02,-2.88090866211238e+00
5.56408249613380e+03	1.00359309407378e+02,-2.86106784564666e+00
5.60278375045537e+03	1.00359290409609e+02,-2.84136426979743e+00
5.64175419328863e+03	1.00359271542053e+02,-2.82179699000896e+00
5.68099569698776e+03	1.00359252805083e+02,-2.80236506827483e+00
5.72051014693016e+03	1.00359234199048e+02,-2.78306757309917e+00
5.76029944160710e+03	1.00359215724271e+02,-2.76390357944782e+00
5.80036549271489e+03	1.00359197381043e+02,-2.74487216869824e+00
5.84071022524673e+03	1.00359179169637e+02,-2.72597242860435e+00
5.88133557758522e+03	1.00359161090295e+02,-2.70720345324549e+00
5.92224350159548e+03	1.00359143143232e+02,-2.68856434298291e+00
5.96343596271891e+03	1.00359125328641e+02,-2.67005420442196e+00
6.00491494006763e+03	1.00359107646687e+02,-2.65167215035607e+00
6.04668242651961e+03	1.00359090097512e+02,-2.63341729973741e+00
6.08874042881435e+03	1.00359072681231e+02,-2.61528877762478e+00
6.13109096764934e+03	1.00359055397937e+02,-2.59728571514575e+00
6.17373607777712e+03	1.00359038247696e+02,-2.57940724945117e+00
6.21667780810307e+03	1.00359021230550e+02,-2.56165252367381e+00
6.25991822178383e+03	1.00359004346519e+02,-2.54402068688702e+00
6.30345939632641e+03	1.00358987595599e+02,-2.52651089406965e+00
6.34730342368805e+03	1.00358970977766e+02,-2.50912230604688e+00
6.39145241037670e+03	1.00358954492962e+02,-2.49185408947716e+00
6.43590847755221e+03	1.00358938141118e+02,-2.47470541678309e+00
6.48067376112829e+03	1.00358921922143e+02,-2.45767546612806e+00
6.52575041187508e+03	1.00358905835912e+02,-2.44076342137411e+00
6.57114059552253e+03	1.00358889882292e+02,-2.42396847204346e+00
6.61684649286442e+03	1.00358874061120e+02,-2.40728981326428e+00
6.66287029986317e+03	1.00358858372217e+02,-2.39072664575692e+00
6.70921422775529e+03	1.00358842815382e+02,-2.37427817577411e+00
6.75588050315769e+03	1.00358827390391e+02,-2.35794361507167e+00
6.80287136817462e+03	1.00358812096999e+02,-2.34172218087037e+00
6.85018908050538e+03	1.00358796934955e+02,-2.32561309581354e+00
6.89783591355282e+03	1.00358781903970e+02,-2.30961558793291e+00
6.94581415653257e+03	1.00358767003749e+02,-2.29372889060923e+00
6.99412611458300e+03	1.00358752233973e+02,-2.27795224253790e+00
7.04277410887598e+03	1.00358737594310e+02,-2.26228488769043e+00
7.09176047672844e+03	1.00358723084402e+02,-2.24672607527431e+00
7.14108757171458e+03	1.00358708703882e+02,-2.23127505970358e+00
7.19075776377905e+03	1.00358694452360e+02,-2.21593110055730e+00
7.24077343935076e+03	1.00358680329434e+02,-2.20069346254705e+00
7.29113700145753e+03	1.00358666334683e+02,-2.18556141547233e+00
7.34185086984156e+03	1.00358652467675e+02,-2.17053423420548e+00
7.39291748107571e+03	1.00358638727952e+02,-2.15561119863462e+00
7.44433928868052e+03	1.00358625115055e+02,-2.14079159363880e+00
7.49611876324214e+03	1.00358611628499e+02,-2.12607470905419e+00
7.54825839253098e+03	1.00358598267791e+02,-2.11145983964010e+00
7.60076068162127e+03	1.00358585032418e+02,-2.09694628503765e+00
7.65362815301143e+03	1.00358571921865e+02,-2.08253334974346e+00
7.70686334674522e+03	1.00358558935590e+02,-2.06822034307712e+00
7.76046882053379e+03	1.00358546073046e+02,-2.05400657914068e+00
7.81444714987862e+03	1.00358533333672e+02,-2.03989137678954e+00
7.86880092819519e+03	1.00358520716897e+02,-2.02587405960141e+00
7.92353276693761e+03	1.00358508222137e+02,-2.01195395583722e+00
7.97864529572409e+03	1.00358495848794e+02,-1.99813039841753e+00
8.03414116246331e+03	1.00358483596264e+02,-1.98440272488465e+00
8.09002303348157e+03	1.00358471463924e+02,-1.97077027737502e+00
8.14629359365096e+03	1.00358459451156e+02,-1.95723240257675e+00
8.20295554651832e+03	1.00358447557311e+02,-1.94378845171083e+00
8.26001161443517e+03	1.00358435781756e+02,-1.93043778049526e+00
8.31746453868845e+03	1.00358424123822e+02,-1.91717974911250e+00
8.37531707963229e+03	1.00358412582854e+02,-1.90401372217924e+00
8.43357201682056e+03	1.00358401158172e+02,-1.89093906871895e+00
8.49223214914050e+03	1.00358389849097e+02,-1.87795516212648e+00
8.55130029494712e+03	1.00358378654942e+02,-1.86506138013831e+00
8.61077929219866e+03	1.00358367575009e+02,-1.85225710480988e+00
8.67067199859291e+03	1.00358356608591e+02,-1.83954172247829e+00
8.73098129170451e+03	1.00358345754985e+02,-1.82691462373023e+00
8.79171006912324e+03	1.00358335013464e+02,-1.81437520338743e+00
8.85286124859319e+03	1.00358324383311e+02,-1.80192286046063e+00
8.91443776815296e+03	1.00358313863797e+02,-1.78955699812761e+00
8.97644258627685e+03	1.00358303454186e+02,-1.77727702371091e+00
9.03887868201697e+03	1.00358293153737e+02,-1.76508234863439e+00
9.10174905514635e+03	1.00358282961705e+02,-1.75297238841087e+00
9.16505672630311e+03	1.00358272877341e+02,-1.74094656260770e+00
9.22880473713558e+03	1.00358262899892e+02,-1.72900429480439e+00
9.29299615044841e+03	1.00358253028598e+02,-1.71714501260160e+00
9.35763405034975e+03	1.00358243262697e+02,-1.70536814754895e+00
9.42272154239941e+03	1.00358233601423e+02,-1.69367313515398e+00
9.48826175375810e+03	1.00358224044009e+02,-1.68205941483364e+00
9.55425783333761e+03	1.00358214589681e+02,-1.67052642989963e+00
9.62071295195219e+03	1.00358205237664e+02,-1.65907362751559e+00
9.68763030247082e+03	1.00358195987185e+02,-1.64770045869745e+00
9.75501309997064e+03	1.00358186837454e+02,-1.63640637825867e+00
9.82286458189143e+03	1.00358177787699e+02,-1.62519084480157e+00
9.89118800819115e+03	1.00358168837134e+02,-1.61405332068691e+00
9.95998666150254e+03	1.00358159984972e+02,-1.60299327200892e+00
1.00292638472909e+04	1.00358151230429e+02,-1.59201016855929e+00
1.00990228940127e+04	1.00358142572715e+02,-1.58110348382627e+00
1.01692671532760e+04	1.00358134011044e+02,-1.57027269494103e+00
1.02400000000008e+04	1.00358125544626e+02,-1.55951728267233e+00
1.03112248325816e+04	1.00358117172669e+02,-1.54883673139166e+00
1.03829450730507e+04	1.00358108894384e+02,-1.53823052905620e+00
1.04551641672424e+04	1.00358100708984e+02,-1.52769816717834e+00
1.05278855849589e+04	1.00358092615674e+02,-1.51723914080146e+00
1.06011128201365e+04	1.00358084613670e+02,-1.50685294847916e+00
1.06748493910139e+04	1.00358076702179e+02,-1.49653909224631e+00
1.07490988403010e+04	1.00358068880412e+02,-1.48629707760700e+00
1.08238647353493e+04	1.00358061147586e+02,-1.47612641349644e+00
1.08991506683232e+04	1.00358053502909e+02,-1.46602661225786e+00
1.09749602563725e+04	1.00358045945597e+02,-1.45599718964075e+00
1.10512971418062e+04	1.00358038474871e+02,-1.44603766474474e+00
1.11281649922677e+04	1.00358031089941e+02,-1.43614756002003e+00
1.12055675009108e+04	1.00358023790030e+02,-1.42632640124480e+00
1.12835083865773e+04	1.00358016574359e+02,-1.41657371748758e+00
1.13619913939756e+04	1.00358009442152e+02,-1.40688904109418e+00
1.14410202938604e+04	1.00358002392632e+02,-1.39727190766834e+00
1.15205988832143e+04	1.00357995425023e+02,-1.38772185604634e+00
1.16007309854299e+04	1.00357988538562e+02,-1.37823842826482e+00
1.16814204504935e+04	1.00357981732474e+02,-1.36882116955793e+00
1.17626711551705e+04	1.00357975005998e+02,-1.35946962832129e+00
1.18444870031910e+04	1.00357968358369e+02,-1.35018335609707e+00
1.19268719254379e+04	1.00357961788831e+02,-1.34096190754985e+00
1.20098298801354e+04	1.00357955296625e+02,-1.33180484044524e+00
1.20933648530393e+04	1.00357948880996e+02,-1.32271171562785e+00
1.21774808576288e+04	1.00357942541194e+02,-1.31368209701145e+00
1.22621819352988e+04	1.00357936276469e+02,-1.30471555153663e+00
1.23474721555543e+04	1.00357930086082e+02,-1.29581164916564e+00
1.24333556162062e+04	1.00357923969294e+02,-1.28696996286449e+00
1.25198364435677e+04	1.00357917925363e+02,-1.27819006857071e+00
1.26069187926529e+04	1.00357911953557e+02,-1.26947154517837e+00
1.26946068473762e+04	1.00357906053147e+02,-1.26081397453032e+00
1.27829048207535e+04	1.00357900223410e+02,-1.25221694136265e+00
1.28718169551045e+04	1.00357894463619e+02,-1.24368003333390e+00
1.29613475222567e+04	1.00357888773063e+02,-1.23520284096555e+00
1.30515008237502e+04	1.00357883151020e+02,-1.22678495764163e+00
1.31422811910451e+04	1.00357877596785e+02,-1.21842597958864e+00
1.32336929857289e+04	1.00357872109653e+02,-1.21012550583852e+00
1.33257405997264e+04	1.00357866688922e+02,-1.20188313824269e+00
1.34184284555107e+04	1.00357861333894e+02,-1.19369848141757e+00
1.35117610063155e+04	1.00357856043876e+02,-1.18557114275188e+00
1.36057427363493e+04	1.00357850818182e+02,-1.17750073237570e+00
1.37003781610108e+04	1.00357845656126e+02,-1.16948686314189e+00
1.37956718271057e+04	1.00357840557028e+02,-1.16152915061321e+00
1.38916283130652e+04	1.00357835520216e+02,-1.15362721303605e+00
1.39882522291661e+04	1.00357830545014e+02,-1.14578067133170e+00
1.40855482177521e+04	1.00357825630761e+02,-1.13798914906940e+00
1.41835209534570e+04	1.00357820776796e+02,-1.13025227245746e+00
1.42821751434293e+04	1.00357815982462e+02,-1.12256967031720e+00
1.43815155275582e+04	1.00357811247107e+02,-1.11494097406558e+00
1.44815468787016e+04	1.00357806570082e+02,-1.10736581770675e+00
1.45822740029152e+04	1.00357801950747e+02,-1.09984383780370e+00
1.46837017396832e+04	1.00357797388468e+02,-1.09237467346647e+00
1.47858349621515e+04	1.00357792882602e+02,-1.08495796633796e+00
1.48886785773611e+04	1.00357788432534e+02,-1.07759336056392e+00
1.49922375264844e+04	1.00357784037631e+02,-1.07028050279486e+00
1.50965167850621e+04	1.00357779697279e+02,-1.06301904215398e+00
1.52015213632427e+04	1.00357775410866e+02,-1.05580863022508e+00
1.53072563060230e+04	1.00357771177778e+02,-1.04864892104196e+00
1.54137266934905e+04	1.00357766997420e+02,-1.04153957105931e+00
1.55209376410677e+04	1.00357762869190e+02,-1.03448023914394e+00
1.56288942997574e+04	1.00357758792489e+02,-1.02747058657008e+00
1.57376018563905e+04	1.00357754766734e+02,-1.02051027697548e+00
1.58470655338753e+04	1.00357750791343e+02,-1.01359897636868e+00
1.59572905914483e+04	1.00357746865737e+02,-1.00673635310502e+00
1.60682823249267e+04	1.00357742989335e+02,-9.99922077873935e-01
1.61800460669632e+04	1.00357739161577e+02,-9.93155823672064e-01
1.62925871873020e+04	1.00357735381892e+02,-9.86437265813559e-01
1.64059110930368e+04	1.00357731649728e+02,-9.79766081871965e-01
1.65200232288705e+04	1.00357727964520e+02,-9.73141951715197e-01
1.66349290773770e+04	1.00357724325733e+02,-9.66564557440980e-01
1.67506341592647e+04	1.00357720732813e+02,-9.60033583409211e-01
1.68671440336412e+04	1.00357717185224e+02,-9.53548716193027e-01
1.69844642982811e+04	1.00357713682431e+02,-9.47109644569300e-01
1.71026005898944e+04	1.00357710223900e+02,-9.40716059522650e-01
1.72215585843975e+04	1.00357706809117e+02,-9.34367654196357e-01
1.73413439971859e+04	1.00357703437552e+02,-9.28064123922647e-01
1.74619625834092e+04	1.00357700108695e+02,-9.21805166160379e-01
1.75834201382466e+04	1.00357696822037e+02,-9.15590480521316e-01
1.77057224971865e+04	1.00357693577071e+02,-9.09419768736225e-01
1.78288755363061e+04	1.00357690373292e+02,-9.03292734629998e-01
1.79528851725538e+04	1.00357687210211e+02,-8.97209084139458e-01
1.80777573640341e+04	1.00357684087334e+02,-8.91168525256877e-01
1.82034981102928e+04	1.00357681004177e+02,-8.85170768065690e-01
1.83301134526064e+04	1.00357677960253e+02,-8.79215524688532e-01
1.84576094742713e+04	1.00357674955092e+02,-8.73302509273940e-01
1.85859923008970e+04	1.00357671988218e+02,-8.67431438009094e-01
1.87152681006996e+04	1.00357669059161e+02,-8.61602029095183e-01
1.88454430847990e+04	1.00357666167465e+02,-8.55814002707007e-01
1.89765235075163e+04	1.00357663312668e+02,-8.50067081032649e-01
1.91085156666754e+04	1.00357660494318e+02,-8.44360988201921e-01
1.92414259039045e+04	1.00357657711966e+02,-8.38695450321876e-01
1.93752606049418e+04	1.00357654965167e+02,-8.33070195438454e-01
1.95100261999414e+04	1.00357652253474e+02,-8.27484953522803e-01
1.96457291637830e+04	1.00357649576462e+02,-8.21939456469246e-01
1.97823760163825e+04	1.00357646933699e+02,-8.16433438069872e-01
1.99199733230052e+04	1.00357644324752e+02,-8.10966634025732e-01
2.00585276945819e+04	1.00357641749201e+02,-8.05538781902057e-01
2.01980457880256e+04	1.00357639206633e+02,-8.00149621130175e-01
2.03385343065522e+04	1.00357636696627e+02,-7.94798893007128e-01
2.04800000000017e+04	1.00357634218783e+02,-7.89486340666835e-01
2.06224496651633e+04	1.00357631772682e+02,-7.84211709079240e-01
2.07658901461015e+04	1.00357629357935e+02,-7.78974745021853e-01
2.09103283344850e+04	1.00357626974147e+02,-7.73775197078999e-01
2.10557711699180e+04	1.00357624620918e+02,-7.68612815643882e-01
2.12022256402732e+04	1.00357622297869e+02,-7.63487352869577e-01
2.13496987820279e+04	1.00357620004602e+02,-7.58398562699648e-01
2.14981976806022e+04	1.00357617740750e+02,-7.53346200823861e-01
2.16477294706989e+04	1.00357615505935e+02,-7.48330024677513e-01
2.17983013366466e+04	1.00357613299782e+02,-7.43349793443649e-01
2.19499205127451e+04	1.00357611121922e+02,-7.38405268017209e-01
2.21025942836125e+04	1.00357608971995e+02,-7.33496211009323e-01
2.22563299845355e+04	1.00357606849641e+02,-7.28622386724697e-01
2.24111350018218e+04	1.00357604754501e+02,-7.23783561174923e-01
2.25670167731549e+04	1.00357602686228e+02,-7.18979502031468e-01
2.27239827879514e+04	1.00357600644469e+02,-7.14209978645454e-01
2.28820405877210e+04	1.00357598628881e+02,-7.09474762016380e-01
2.30411977664287e+04	1.00357596639126e+02,-7.04773624794187e-01
2.32014619708599e+04	1.00357594674863e+02,-7.00106341258881e-01
2.33628409009873e+04	1.00357592735763e+02,-6.95472687325068e-01
2.35253423103412e+04	1.00357590821492e+02,-6.90872440501336e-01
2.36889740063823e+04	1.00357588931723e+02,-6.86305379910397e-01
2.38537438508760e+04	1.00357587066144e+02,-6.81771286269005e-01
2.40196597602709e+04	1.00357585224428e+02,-6.77269941876188e-01
2.41867297060788e+04	1.00357583406261e+02,-6.72801130586655e-01
2.43549617152578e+04	1.00357581611329e+02,-6.68364637830723e-01
2.45243638705977e+04	1.00357579839329e+02,-6.63960250587406e-01
2.46949443111088e+04	1.00357578089956e+02,-6.59587757361820e-01
2.48667112324127e+04	1.00357576362902e+02,-6.55246948214130e-01
2.50396728871357e+04	1.00357574657873e+02,-6.50937614703751e-01
2.52138375853060e+04	1.00357572974581e+02,-6.46659549898042e-01
2.53892136947526e+04	1.00357571312727e+02,-6.42412548383251e-01
2.55658096415072e+04	1.00357569672023e+02,-6.38196406219902e-01
2.57436339102092e+04	1.00357568052185e+02,-6.34010920960477e-01
2.59226950445135e+04	1.00357566452935e+02,-6.29855891613660e-01
2.61030016475007e+04	1.00357564873990e+02,-6.25731118666340e-01
2.62845623820905e+04	1.00357563315077e+02,-6.21636404039077e-01
2.64673859714581e+04	1.00357561775925e+02,-6.17571551105993e-01
2.66514811994531e+04	1.00357560256261e+02,-6.13536364674525e-01
2.68368569110216e+04	1.00357558755822e+02,-6.09530650969793e-01
2.70235220126312e+04	1.00357557274346e+02,-6.05554217632200e-01
2.72114854726989e+04	1.00357555811571e+02,-6.01606873712873e-01
2.74007563220219e+04	1.00357554367239e+02,-5.97688429648987e-01
2.75913436542117e+04	1.00357552941093e+02,-5.93798697281579e-01
2.77832566261307e+04	1.00357551532892e+02,-5.89937489799696e-01
2.79765044583324e+04	1.00357550142377e+02,-5.86104621791402e-01
2.81710964355044e+04	1.00357548769306e+02,-5.82299909183684e-01
2.83670419069142e+04	1.00357547413438e+02,-5.78523169271295e-01
2.85643502868587e+04	1.00357546074528e+02,-5.74774220678594e-01
2.87630310551166e+04	1.00357544752347e+02,-5.71052883366386e-01
2.89630937574035e+04	1.00357543446652e+02,-5.67358978620400e-01
2.91645480058305e+04	1.00357542157212e+02,-5.63692329049198e-01
2.93674034793667e+04	1.00357540883800e+02,-5.60052758563923e-01
2.95716699243033e+04	1.00357539626190e+02,-5.56440092373740e-01
2.97773571547225e+04	1.00357538384158e+02,-5.52854156976815e-01
2.99844750529690e+04	1.00357537157476e+02,-5.49294780164695e-01
3.01930335701244e+04	1.00357535945929e+02,-5.45761790997764e-01
3.04030427264855e+04	1.00357534749307e+02,-5.42255019793970e-01
3.06145126120462e+04	1.00357533567379e+02,-5.38774298146376e-01
3.08274533869813e+04	1.00357532399947e+02,-5.35319458883390e-01
3.10418752821356e+04	1.00357531246797e+02,-5.31890336079399e-01
3.12577885995150e+04	1.00357530107723e+02,-5.28486765054931e-01
3.14752037127812e+04	1.00357528982517e+02,-5.25108582343010e-01
3.16941310677509e+04	1.00357527870980e+02,-5.21755625691395e-01
3.19145811828968e+04	1.00357526772908e+02,-5.18427734080299e-01
3.21365646498537e+04	1.00357525688105e+02,-5.15124747671029e-01
3.23600921339267e+04	1.00357524616376e+02,-5.11846507825997e-01
3.25851743746043e+04	1.00357523557528e+02,-5.08592857104214e-01
3.28118221860738e+04	1.00357522511362e+02,-5.05363639238761e-01
3.30400464577412e+04	1.00357521477696e+02,-5.02158699128071e-01
3.32698581547543e+04	1.00357520456340e+02,-4.98977882853526e-01
3.35012683185296e+04	1.00357519447115e+02,-4.95821037639276e-01
3.37342880672828e+04	1.00357518449825e+02,-4.92688011869902e-01
3.39689285965625e+04	1.00357517464301e+02,-4.89578655054967e-01
3.42052011797890e+04	1.00357516490353e+02,-4.86492817859821e-01
3.44431171687952e+04	1.00357515527813e+02,-4.83430352088087e-01
3.46826879943722e+04	1.00357514576499e+02,-4.80391110632098e-01
3.49239251668186e+04	1.00357513636238e+02,-4.77374947526688e-01
3.51668402764935e+04	1.00357512706863e+02,-4.74381717891065e-01
3.54114449943733e+04	1.00357511788206e+02,-4.71411277973350e-01
3.56577510726124e+04	1.00357510880088e+02,-4.68463485101305e-01
3.59057703451080e+04	1.00357509982352e+02,-4.65538197678105e-01
3.61555147280684e+04	1.00357509094827e+02,-4.62635275213268e-01
3.64069962205859e+04	1.00357508217358e+02,-4.59754578264773e-01
3.66602269052130e+04	1.00357507349782e+02,-4.56895968479057e-01
3.69152189485429e+04	1.00357506491939e+02,-4.54059308546329e-01
3.71719846017942e+04	1.00357505643669e+02,-4.51244462213973e-01
3.74305362013996e+04	1.00357504804813e+02,-4.48451294290927e-01
3.76908861695982e+04	1.00357503975226e+02,-4.45679670607603e-01
3.79530470150330e+04	1.00357503154751e+02,-4.42929458037917e-01
3.82170313333510e+04	1.00357502343231e+02,-4.40200524481485e-01
3.84828518078094e+04	1.00357501540527e+02,-4.37492738863785e-01
3.87505212098839e+04	1.00357500746485e+02,-4.34805971122399e-01
3.90200523998832e+04	1.00357499960958e+02,-4.32140092202689e-01
3.92914583275663e+04	1.00357499183804e+02,-4.29494974053287e-01
3.95647520327652e+04	1.00357498414871e+02,-4.26870489625972e-01
3.98399466460108e+04	1.00357497654026e+02,-4.24266512857945e-01
4.01170553891641e+04	1.00357496901131e+02,-4.21682918658223e-01
4.03960915760516e+04	1.00357496156036e+02,-4.19119582938844e-01
4.06770686131046e+04	1.00357495418612e+02,-4.16576382574851e-01
4.09600000000037e+04	1.00357494688709e+02,-4.14053195408432e-01
4.12448993303269e+04	1.00357493966208e+02,-4.11549900222448e-01
4.15317802922033e+04	1.00357493250966e+02,-4.09066376793645e-01
4.18206566689704e+04	1.00357492542852e+02,-4.06602505825832e-01
4.21115423398363e+04	1.00357491841730e+02,-4.04158168949728e-01
4.24044512805467e+04	1.00357491147479e+02,-4.01733248772304e-01
4.26993975640562e+04	1.00357490459959e+02,-3.99327628809364e-01
4.29963953612047e+04	1.00357489779050e+02,-3.96941193499291e-01
4.32954589413981e+04	1.00357489104622e+02,-3.94573828216189e-01
4.35966026732936e+04	1.00357488436549e+02,-3.92225419243142e-01
4.38998410254906e+04	1.00357487774710e+02,-3.89895853776670e-01
4.42051885672254e+04	1.00357487118977e+02,-3.87585019904253e-01
4.45126599690714e+04	1.00357486469227e+02,-3.85292806635712e-01
4.48222700036440e+04	1.00357485825344e+02,-3.83019103849540e-01
4.51340335463101e+04	1.00357485187202e+02,-3.80763802346412e-01
4.54479655759031e+04	1.00357484554686e+02,-3.78526793777781e-01
4.57640811754423e+04	1.00357483927672e+02,-3.76307970690417e-01
4.60823955328578e+04	1.00357483306048e+02,-3.74107226490785e-01
4.64029239417202e+04	1.00357482689697e+02,-3.71924455480672e-01
4.67256818019749e+04	1.00357482078500e+02,-3.69759552799037e-01
4.70506846206829e+04	1.00357481472347e+02,-3.67612414448938e-01
4.73779480127649e+04	1.00357480871120e+02,-3.65482937283945e-01
4.77074877017523e+04	1.00357480274708e+02,-3.63371019030613e-01
4.80393195205422e+04	1.00357479683001e+02,-3.61276558221340e-01
4.83734594121580e+04	1.00357479095891e+02,-3.59199454256957e-01
4.87099234305159e+04	1.00357478513252e+02,-3.57139607352897e-01
4.90487277411958e+04	1.00357477934992e+02,-3.55096918561954e-01
4.93898886222181e+04	1.00357477360993e+02,-3.53071289755890e-01
4.97334224648257e+04	1.00357476791151e+02,-3.51062623630231e-01
5.00793457742717e+04	1.00357476225356e+02,-3.49070823699602e-01
5.04276751706124e+04	1.00357475663504e+02,-3.47095794275465e-01
5.07784273895056e+04	1.00357475105486e+02,-3.45137440488374e-01
5.11316192830147e+04	1.00357474551197e+02,-3.43195668265663e-01
5.14872678204188e+04	1.00357474000538e+02,-3.41270384313548e-01
5.18453900890275e+04	1.00357473453401e+02,-3.39361496161766e-01
5.22060032950018e+04	1.00357472909682e+02,-3.37468912101007e-01
5.25691247641814e+04	1.00357472369275e+02,-3.35592541223130e-01
5.29347719429166e+04	1.00357471832088e+02,-3.33732293385466e-01
5.33029623989065e+04	1.00357471298013e+02,-3.31888079228523e-01
5.36737138220435e+04	1.00357470766952e+02,-3.30059810153734e-01
5.40470440252628e+04	1.00357470238797e+02,-3.28247398345744e-01
5.44229709453982e+04	1.00357469713456e+02,-3.26450756732252e-01
5.48015126440442e+04	1.00357469190826e+02,-3.24669798997282e-01
5.51826873084238e+04	1.00357468670814e+02,-3.22904439599192e-01
5.55665132522618e+04	1.00357468153309e+02,-3.21154593730229e-01
5.59530089166653e+04	1.00357467638227e+02,-3.19420177312311e-01
5.63421928710092e+04	1.00357467125460e+02,-3.17701107050411e-01
5.67340838138288e+04	1.00357466614917e+02,-3.15997300347793e-01
5.71287005737179e+04	1.00357466106501e+02,-3.14308675359527e-01
5.75260621102337e+04	1.00357465600110e+02,-3.12635150965668e-01
5.79261875148074e+04	1.00357465095654e+02,-3.10976646771357e-01
5.83290960116615e+04	1.00357464593038e+02,-3.09333083106675e-01
5.87348069587338e+04	1.00357464092157e+02,-3.07704381013226e-01
5.91433398486070e+04	1.00357463592927e+02,-3.06090462235345e-01
5.95547143094455e+04	1.00357463095248e+02,-3.04491249269077e-01
5.99689501059384e+04	1.00357462599025e+02,-3.02906665268357e-01
6.03860671402492e+04	1.00357462104166e+02,-3.01336634116574e-01
6.08060854529716e+04	1.00357461610575e+02,-2.99781080372827e-01
6.12290252240928e+04	1.00357461118162e+02,-2.98239929352502e-01
6.16549067739631e+04	1.00357460626825e+02,-2.96713106979556e-01
6.20837505642718e+04	1.00357460136479e+02,-2.95200539916374e-01
6.25155771990304e+04	1.00357459647024e+02,-2.93702155505454e-01
6.29504074255629e+04	1.00357459158377e+02,-2.92217881760618e-01
6.33882621355023e+04	1.00357458670432e+02,-2.90747647380210e-01
6.38291623657942e+04	1.00357458183107e+02,-2.89291381720506e-01
6.42731292997079e+04	1.00357457696299e+02,-2.87849014835724e-01
6.47201842678540e+04	1.00357457209928e+02,-2.86420477424583e-01
6.51703487492091e+04	1.00357456723888e+02,-2.85005700870278e-01
6.56236443721481e+04	1.00357456238096e+02,-2.83604617200483e-01
6.60800929154829e+04	1.00357455752458e+02,-2.82217159114019e-01
6.65397163095091e+04	1.00357455266873e+02,-2.80843259962943e-01
6.70025366370598e+04	1.00357454781256e+02,-2.79482853716931e-01
6.74685761345660e+04	1.00357454295516e+02,-2.78135875043618e-01
6.79378571931255e+04	1.00357453809555e+02,-2.76802259210210e-01
6.84104023595785e+04	1.00357453323284e+02,-2.75481942173020e-01
6.88862343375909e+04	1.00357452836608e+02,-2.74174860505807e-01
6.93653759887449e+04	1.00357452349437e+02,-2.72880951390905e-01
6.98478503336377e+04	1.00357451861678e+02,-2.71600152672821e-01
7.03336805529875e+04	1.00357451373225e+02,-2.70332402849252e-01
7.08228899887471e+04	1.00357450884006e+02,-2.69077640999752e-01
7.13155021452253e+04	1.00357450393913e+02,-2.67835806830100e-01
7.18115406902165e+04	1.00357449902855e+02,-2.66606840690452e-01
7.23110294561374e+04	1.00357449410743e+02,-2.65390683539487e-01
7.28139924411724e+04	1.00357448917477e+02,-2.64187276962206e-01
7.33204538104265e+04	1.00357448422965e+02,-2.62996563143213e-01
7.38304378970863e+04	1.00357447927112e+02,-2.61818484866645e-01
7.43439692035890e+04	1.00357447429825e+02,-2.60652985551974e-01
7.48610724027997e+04	1.00357446931006e+02,-2.59500009164512e-01
7.53817723391970e+04	1.00357446430563e+02,-2.58359500376478e-01
7.59060940300665e+04	1.00357445928397e+02,-2.57231404361193e-01
7.64340626667026e+04	1.00357445424414e+02,-2.56115666927315e-01
7.69657036156193e+04	1.00357444918515e+02,-2.55012234482990e-01
7.75010424197683e+04	1.00357444410608e+02,-2.53921054009093e-01
7.80401047997669e+04	1.00357443900590e+02,-2.52842073068071e-01
7.85829166551333e+04	1.00357443388367e+02,-2.51775239848754e-01
7.91295040655310e+04	1.00357442873838e+02,-2.50720503094733e-01
7.96798932920221e+04	1.00357442356911e+02,-2.49677812122309e-01
8.02341107783288e+04	1.00357441837480e+02,-2.48647116847203e-01
8.07921831521038e+04	1.00357441315448e+02,-2.47628367757872e-01
8.13541372262099e+04	1.00357440790716e+02,-2.46621515897505e-01
8.19200000000080e+04	1.00357440263178e+02,-2.45626512917715e-01
8.24897986606544e+04	1.00357439732743e+02,-2.44643310989162e-01
8.30635605844073e+04	1.00357439199304e+02,-2.43671862881909e-01
8.36413133379414e+04	1.00357438662756e+02,-2.42712121956574e-01
8.42230846796732e+04	1.00357438122999e+02,-2.41764042065943e-01
8.48089025610939e+04	1.00357437579930e+02,-2.40827577680151e-01
8.53987951281130e+04	1.00357437033443e+02,-2.39902683824059e-01
8.59927907224101e+04	1.00357436483435e+02,-2.38989316041514e-01
8.65909178827967e+04	1.00357435929796e+02,-2.38087430448973e-01
8.71932053465878e+04	1.00357435372429e+02,-2.37196983735572e-01
8.77996820509817e+04	1.00357434811221e+02,-2.36317933118275e-01
8.84103771344513e+04	1.00357434246065e+02,-2.35450236368825e-01
8.90253199381434e+04	1.00357433676854e+02,-2.34593851760003e-01
8.96445400072886e+04	1.00357433103477e+02,-2.33748738217724e-01
9.02680670926208e+04	1.00357432525823e+02,-2.32914855115272e-01
9.08959311518068e+04	1.00357431943784e+02,-2.32092162353839e-01
9.15281623508853e+04	1.00357431357248e+02,-2.31280620442995e-01
9.21647910657163e+04	1.00357430766102e+02,-2.30480190384419e-01
9.28058478834410e+04	1.00357430170232e+02,-2.29690833752374e-01
9.34513636039505e+04	1.00357429569521e+02,-2.28912512586395e-01
9.41013692413664e+04	1.00357428963861e+02,-2.28145189498651e-01
9.47558960255305e+04	1.00357428353127e+02,-2.27388827655955e-01
9.54149754035054e+04	1.00357427737212e+02,-2.26643390690455e-01
9.60786390410850e+04	1.00357427115989e+02,-2.25908842779971e-01
9.67469188243167e+04	1.00357426489340e+02,-2.25185148674966e-01
9.74198468610326e+04	1.00357425857148e+02,-2.24472273573263e-01
9.80974554823924e+04	1.00357425219293e+02,-2.23770183236330e-01
9.87797772444369e+04	1.00357424575646e+02,-2.23078843944505e-01
9.94668449296521e+04	1.00357423926090e+02,-2.22398222461322e-01
1.00000000000000e+05	1.00357423421013e+02,-2.21880601216109e-01
